32761
16040
1819
-3448
-5458
-6850
-7063
-7711
-7414
-7709
-7066
-6853
-5456
-3451
1822
16035
32763
16037
1822
-3450
-5455
-6851
-7063
-7711
-7413
-7710
-7064
-6851
-5457
-3450
1820
16033
32766
16037
1819
-3450
-5456
-6850
-7063
-7710
-7414
-7711
-7064
-6851
-5458
-3449
1821
16035
32765
16034
1819
-3450
-5457
-6850
-7062
-7709
-7415
-7710
-7064
-6853
-5458
-3451
1821
16035
32765
16035
1821
-3448
-5457
-6853
-7064
-7711
-7415
-7710
-7063
-6852
-5457
-3450
1821
16036
32765
16037
1822
-3449
-5457
-6852
-7064
-7710
-7415
-7709
-7066
-6851
-5458
-3451
1819
16037
32762
16035
1818
-3449
-5456
-6850
-7066
-7710
-7414
-7709
-7063
-6852
-5458
-3448
1821
16034
32763
16036
1820
-3449
-5456
-6855
-7064
-7711
-7413
-7710
-7062
-6851
-5457
-3449
1821
16036
32764
16035
1823
-3451
-5456
-6852
-7063
-7711
-7413
-7710
-7062
-6851
-5458
-3449
1822
16035
32765
16036
1821
-3449
-5457
-6851
-7064
-7710
-7414
-7710
-7063
-6850
-5457
-3449
1823
16034
32764
16038
1821
-3449
-5457
-6852
-7068
-7712
-7413
-7711
-7065
-6851
-5456
-3450
1820
16034
32764
16035
1821
-3449
-5459
-6852
-7064
-7711
-7414
-7708
-7063
-6852
-5457
-3450
1821
16035
32763
16038
1821
-3449
-5458
-6854
-7064
-7710
-7413
-7709
-7063
-6851
-5458
-3448
1820
16036
32765
16036
1821
-3449
-5457
-6855
-7062
-7708
-7417
-7709
-7065
-6853
-5456
-3451
1819
16034
32765
16036
1821
-3450
-5458
-6852
-7065
-7708
-7413
-7711
-7063
-6851
-5457
-3447
1820
16037
32765
16037
1819
-3449
-5455
-6854
-7063
-7711
-7413
-7709
-7064
-6852
-5458
-3447
1822
16037
32767
16037
1821
-3447
-5457
-6851
-7064
-7712
-7414
-7712
-7064
-6849
-5458
-3448
1821
16034
32763
16035
1821
-3447
-5455
-6851
-7064
-7709
-7413
-7711
-7064
-6853
-5457
-3449
1822
16037
32765
16035
1821
-3449
-5458
-6852
-7063
-7709
-7413
-7709
-7061
-6850
-5456
-3450
1819
16036
32764
16037
1823
-3450
-5457
-6849
-7065
-7714
-7414
-7710
-7062
-6854
-5454
-3447
1820
16035
32765
16037
1818
-3451
-5457
-6854
-7065
-7709
-7410
-7709
-7065
-6854
-5459
-3449
1818
16037
32764
16035
1821
-3450
-5458
-6851
-7065
-7710
-7412
-7712
-7062
-6851
-5456
-3451
1820
16035
32762
16036
1821
-3449
-5459
-6853
-7064
-7710
-7413
-7710
-7063
-6850
-5455
-3452
1820
16036
32763
16037
1821
-3449
-5455
-6851
-7066
-7710
-7414
-7708
-7065
-6854
-5457
-3449
1820
16037
32764
16036
1820
-3448
-5457
-6849
-7062
-7709
-7413
-7711
-7064
-6850
-5458
-3449
1818
16037
32763
16036
1820
-3450
-5459
-6852
-7063
-7710
-7413
-7708
-7063
-6851
-5458
-3450
1821
16038
32765
16038
1820
-3450
-5455
-6850
-7066
-7711
-7412
-7709
-7063
-6849
-5456
-3450
1819
16034
32765
16037
1821
-3452
-5458
-6853
-7062
-7712
-7413
-7707
-7064
-6851
-5458
-3450
1820
16034
32767
16035
1821
-3449
-5457
-6851
-7063
-7711
-7414
-7711
-7064
-6852
-5457
-3448
1821
16036
32764
16038
1820
-3448
-5456
-6853
-7066
-7711
-7416
-7709
-7065
-6854
-5456
-3448
1820
16036
32765
16036
1818
-3448
-5455
-6850
-7063
-7713
-7415
-7710
-7063
-6851
-5456
-3449
1820
16035
32764
16037
1818
-3450
-5457
-6852
-7065
-7710
-7415
-7709
-7065
-6853
-5456
-3449
1821
16036
32765
16033
1820
-3447
-5457
-6854
-7064
-7710
-7414
-7710
-7061
-6851
-5458
-3449
1819
16036
32761
16036
1821
-3449
-5457
-6851
-7062
-7710
-7414
-7710
-7065
-6853
-5457
-3449
1821
16036
32765
16036
1821
-3450
-5459
-6851
-7065
-7710
-7413
-7712
-7063
-6850
-5456
-3448
1819
16037
32765
16035
1820
-3449
-5457
-6852
-7065
-7710
-7413
-7711
-7065
-6850
-5456
-3451
1821
16038
32765
16036
1821
-3451
-5457
-6852
-7064
-7711
-7416
-7711
-7065
-6852
-5456
-3450
1822
16036
32764
16036
1820
-3448
-5457
-6852
-7063
-7713
-7412
-7709
-7063
-6850
-5457
-3449
1821
16037
32763
16035
1821
-3451
-5457
-6851
-7066
-7711
-7414
-7710
-7065
-6851
-5456
-3450
1818
16035
32763
16036
1820
-3448
-5457
-6849
-7061
-7710
-7413
-7710
-7064
-6853
-5456
-3449
1820
16036
32764
16037
1820
-3450
-5455
-6852
-7064
-7711
-7414
-7711
-7063
-6853
-5458
-3453
1819
16037
32763
16035
1821
-3448
-5457
-6849
-7062
-7709
-7413
-7711
-7065
-6850
-5454
-3449
1820
16037
32766
16037
1822
-3449
-5458
-6853
-7065
-7710
-7414
-7708
-7065
-6851
-5459
-3448
1822
16034
32764
16035
1820
-3450
-5455
-6852
-7064
-7710
-7413
-7709
-7064
-6851
-5457
-3449
1819
16040
32766
16037
1819
-3448
-5457
-6851
-7066
-7709
-7413
-7710
-7066
-6853
-5457
-3449
1817
16036
32764
16038
1821
-3449
-5457
-6853
-7066
-7710
-7413
-7711
-7062
-6851
-5456
-3448
1820
16037
32763
16036
1818
-3447
-5458
-6851
-7064
-7709
-7415
-7710
-7065
-6853
-5456
-3448
1820
16034
32764
16036
1819
-3450
-5457
-6852
-7064
-7711
-7415
-7710
-7065
-6852
-5455
-3451
1820
16038
32766
16038
1821
-3450
-5458
-6851
-7063
-7710
-7413
-7708
-7064
-6851
-5456
-3449
1820
16035
32766
16038
1821
-3449
-5453
-6851
-7064
-7712
-7413
-7711
-7063
-6851
-5457
-3449
1820
16035
32761
16038
1819
-3448
-5457
-6850
-7064
-7708
-7414
-7709
-7063
-6853
-5457
-3451
1820
16037
32763
16034
1822
-3450
-5457
-6852
-7064
-7709
-7415
-7710
-7062
-6851
-5458
-3448
1819
16037
32765
16037
1822
-3450
-5455
-6851
-7065
-7712
-7414
-7710
-7063
-6852
-5457
-3449
1819
16036
32765
16035
1820
-3450
-5458
-6852
-7065
-7711
-7414
-7710
-7064
-6852
-5455
-3451
1821
16035
32763
16038
1822
-3450
-5459
-6853
-7065
-7711
-7414
-7712
-7064
-6853
-5458
-3448
1820
16034
32761
16034
1821
-3450
-5456
-6851
-7063
-7711
-7413
-7710
-7063
-6853
-5458
-3449
1820
16036
32763
16038
1819
-3450
-5458
-6853
-7065
-7710
-7412
-7711
-7062
-6851
-5457
-3449
1820
16038
32763
16037
1820
-3450
-5457
-6852
-7063
-7710
-7414
-7711
-7064
-6852
-5456
-3450
1821
16035
32766
16038
1820
-3451
-5457
-6852
-7064
-7713
-7413
-7710
-7063
-6855
-5456
-3451
1818
16036
32764
16036
1821
-3447
-5455
-6851
-7062
-7712
-7414
-7711
-7062
-6851
-5455
-3449
1820
16034
32763
16038
1820
-3449
-5456
-6850
-7063
-7708
-7412
-7711
-7067
-6853
-5457
-3449
1819
16037
32765
16037
1818
-3447
-5457
-6850
-7063
-7710
-7414
-7712
-7065
-6850
-5459
-3451
1820
16034
32764
16036
1820
-3449
-5456
-6850
-7064
-7711
-7415
-7711
-7064
-6851
-5457
-3451
1820
16036
32765
16035
1820
-3450
-5456
-6851
-7062
-7711
-7412
-7709
-7063
-6853
-5457
-3449
1817
16036
