26
-2
10
3
-2
-3
-8
-3
-8
12
-13
11
2
-3
3
-12
-8
-12
1
-10
11
1
9
16
4
8
0
1
-13
4
-13
6
4
-2
11
-3
0
-13
-1
-16
0
-6
-4
15
0
16
4
12
-6
8
-10
-3
6
-11
12
1
7
0
5
-9
-5
-7
-20
6
-9
6
2
13
5
10
4
-9
13
-18
5
1
4
3
8
2
-1
7
-21
4
-18
-9
-4
-1
2
8
9
-7
18
-12
3
2
-4
2
4
9
1
19
-9
8
-5
-14
-5
-13
-6
-6
7
-9
19
-1
4
7
-8
6
-5
3
-2
17
-1
14
10
-7
9
-13
-6
-14
1
-14
5
3
-5
15
-6
5
-5
-1
-12
4
-5
5
17
0
19
1
4
-7
-4
-15
-7
-1
-11
10
-10
10
-1
0
-8
-1
-3
-7
14
-6
18
9
10
10
7
-1
-6
7
-20
9
-8
1
5
-2
0
0
2
-17
5
-19
0
3
1
12
9
10
1
14
-14
4
-6
-7
6
-6
5
1
9
-10
10
-17
-11
-2
-18
1
-2
12
4
22
1
8
6
-10
6
-9
5
-1
11
-3
11
1
-9
4
-19
-4
-12
-3
-8
10
0
7
15
-8
11
-7
0
-3
5
-2
10
9
-7
17
-13
3
-8
-6
-15
-5
-7
-7
16
-9
18
5
1
0
-2
-4
-3
9
-6
18
-1
4
5
-2
-7
-9
-10
-18
5
-14
7
4
0
9
-2
0
-7
8
-13
12
-2
2
16
3
9
-1
2
-14
2
-17
-5
2
-8
8
-2
4
-5
11
-11
3
0
-10
13
-3
11
9
15
-2
9
-8
-13
2
-18
2
-6
1
-4
6
-1
-6
4
-17
6
-10
3
5
10
5
16
14
-8
10
-14
-4
-10
-6
-6
2
-4
-4
13
-17
8
-7
-8
-2
-5
0
5
16
-2
21
0
4
1
-8
-2
-3
2
-11
15
-9
7
-1
-10
-1
-11
-5
-11
7
-10
16
8
7
15
-2
2
-6
2
-11
7
-6
5
11
-7
6
-10
-2
-13
-4
-16
0
2
-8
19
0
12
2
5
-10
7
-5
-5
13
-5
18
1
3
-6
0
-13
-11
0
-18
9
-7
7
11
8
-1
6
3
-8
12
-13
8
4
3
6
7
1
-9
2
-26
-3
-11
-9
-1
1
9
3
11
-13
12
-10
-1
3
-1
10
6
12
1
17
-11
1
-7
-18
-4
-8
-2
1
8
-8
16
-2
-4
6
-13
2
-3
10
1
17
4
9
12
-12
3
-15
-5
-11
3
-10
9
6
-7
9
-14
-1
-7
-2
-5
7
7
3
21
-3
17
-3
-1
-7
-2
-8
-2
5
-12
12
-5
5
-3
-4
-6
-5
-2
-7
19
-4
16
11
8
4
0
-4
-11
4
-16
10
-6
-1
5
-2
-1
-7
-1
-19
9
-12
2
13
4
14
9
12
0
10
-15
4
-2
-8
8
-1
7
-1
12
-16
0
-15
-11
0
-10
8
2
13
3
17
-3
1
6
-15
7
-4
5
2
12
-6
5
0
-13
3
-22
-4
-6
-1
-3
10
4
1
17
-10
12
-9
-2
-2
5
3
9
10
-9
15
-13
-9
-9
-11
-11
-3
1
-2
17
-8
14
3
-5
1
-3
-2
-3
13
-7
18
4
2
6
-10
-7
-10
-2
-14
7
-9
6
12
-3
6
-8
0
-9
8
-9
13
9
4
19
0
7
-4
0
-20
1
-11
-6
6
-8
13
-2
4
-5
5
-14
0
3
-10
16
4
14
9
9
-5
1
0
-17
7
-14
4
-1
3
-1
3
-5
-8
3
-20
7
-7
8
8
13
6
7
10
-14
9
-15
-3
-3
-5
4
3
4
-6
7
-17
4
-9
-12
3
0
7
6
21
-7
19
-4
-5
3
-12
-1
-1
9
-5
15
-9
1
-2
-16
-1
-13
-4
-7
12
-5
15
8
0
13
-8
2
-8
1
-7
8
1
1
12
-13
3
-12
-10
-14
-4
-11
-1
11
-1
22
-1
8
1
3
-9
5
2
-5
20
-5
17
1
1
-9
-7
-13
-11
2
-15
13
-1
4
7
4
2
-1
3
-12
11
-7
8
10
2
7
1
-1
-16
3
-22
-1
-8
-7
8
2
7
-2
10
-13
8
-10
-3
10
0
11
6
12
-1
11
-15
-5
-6
-19
4
-4
3
-3
9
-7
7
-4
-13
8
-12
4
3
12
2
16
5
1
7
-16
3
-13
-2
-6
5
-2
3
6
-12
9
-14
-1
-5
-2
3
9
11
3
21
-7
12
-4
-8
-8
-3
-6
-5
11
-14
13
-7
-4
-7
-8
-9
-9
2
-6
22
0
12
10
-1
3
-3
-1
-13
7
-12
15
4
-1
8
-8
-4
-9
-3
-16
6
-5
0
13
3
16
2
9
-6
7
-12
0
5
-8
12
0
7
-6
1
-17
-4
-7
-10
6
-9
11
3
10
0
10
-3
-5
9
-13
12
1
7
5
9
-5
-1
0
-21
3
-18
-1
-2
6
5
10
7
-4
12
-14
5
-5
-3
4
9
5
5
13
-15
7
-15
-7
-6
-13
-3
-2
9
-7
19
-7
3
1
-8
1
-4
3
4
21
-4
17
4
-7
2
-14
-6
-11
3
-14
11
-3
4
9
-7
5
-6
0
-9
11
-4
12
14
-2
16
-5
3
-8
-3
-17
0
-4
-7
12
-8
7
-3
-1
-10
3
