0
-20951
-16905
-12835
-8649
-6245
-3732
-1897
0
1898
3734
6244
8648
12835
16905
20952
0
-20951
-16902
-12835
-8649
-6246
-3731
-1899
0
1897
3734
6246
8650
12836
16903
20951
1
-20948
-16904
-12835
-8647
-6243
-3733
-1898
1
1899
3732
6243
8646
12837
16902
20953
0
-20950
-16903
-12837
-8648
-6244
-3735
-1897
-1
1896
3734
6246
8648
12838
16904
20951
-1
-20951
-16902
-12833
-8649
-6245
-3732
-1897
2
1897
3734
6245
8651
12835
16904
20948
0
-20951
-16905
-12837
-8647
-6246
-3732
-1898
1
1898
3732
6243
8649
12837
16905
20950
0
-20947
-16905
-12835
-8649
-6246
-3732
-1898
0
1899
3734
6245
8650
12835
16905
20949
-2
-20950
-16905
-12835
-8648
-6247
-3733
-1896
-1
1899
3730
6247
8649
12836
16905
20949
0
-20950
-16905
-12834
-8650
-6245
-3733
-1897
0
1897
3734
6244
8649
12834
16906
20950
1
-20950
-16904
-12832
-8649
-6246
-3732
-1897
-2
1900
3731
6244
8650
12836
16905
20950
-3
-20952
-16902
-12837
-8648
-6245
-3732
-1898
1
1896
3730
6243
8648
12835
16904
20947
-1
-20950
-16904
-12838
-8648
-6245
-3734
-1897
1
1897
3733
6245
8647
12834
16904
20949
0
-20949
-16903
-12834
-8650
-6244
-3734
-1898
0
1898
3733
6246
8647
12834
16904
20949
1
-20950
-16902
-12832
-8648
-6246
-3732
-1899
1
1897
3734
6245
8648
12834
16904
20947
0
-20953
-16904
-12837
-8648
-6245
-3731
-1895
2
1898
3733
6246
8649
12834
16906
20950
-1
-20950
-16903
-12839
-8649
-6246
-3732
-1897
0
1900
3732
6244
8648
12835
16904
20949
0
-20952
-16905
-12835
-8647
-6245
-3732
-1898
0
1897
3732
6247
8647
12835
16902
20951
0
-20951
-16903
-12834
-8648
-6245
-3734
-1897
0
1899
3735
6245
8648
12834
16904
20950
1
-20951
-16905
-12837
-8649
-6246
-3734
-1898
0
1897
3736
6247
8646
12835
16904
20952
-3
-20951
-16903
-12833
-8647
-6246
-3733
-1897
1
1896
3734
6246
8648
12834
16904
20950
-2
-20951
-16903
-12836
-8648
-6245
-3733
-1896
-1
1897
3733
6246
8648
12836
16903
20952
-1
-20951
-16904
-12838
-8652
-6242
-3732
-1899
1
1897
3731
6243
8649
12836
16902
20950
-1
-20950
-16903
-12836
-8650
-6243
-3735
-1895
0
1897
3733
6244
8647
12837
16905
20950
0
-20950
-16902
-12839
-8648
-6243
-3732
-1899
1
1898
3734
6244
8647
12834
16904
20950
4
-20950
-16904
-12837
-8648
-6242
-3733
-1897
0
1897
3733
6245
8648
12837
16903
20951
1
-20950
-16903
-12835
-8649
-6245
-3732
-1896
-2
1897
3731
6244
8649
12838
16905
20949
1
-20950
-16905
-12834
-8647
-6243
-3733
-1898
0
1898
3732
6244
8646
12834
16904
20950
0
-20951
-16904
-12837
-8648
-6245
-3733
-1897
1
1898
3734
6245
8648
12837
16905
20950
1
-20951
-16904
-12837
-8650
-6244
-3732
-1898
0
1899
3733
6245
8648
12835
16904
20950
1
-20950
-16903
-12836
-8651
-6244
-3734
-1900
0
1902
3734
6245
8648
12837
16903
20949
0
-20950
-16904
-12834
-8649
-6241
-3735
-1895
1
1898
3730
6245
8650
12836
16902
20951
0
-20951
-16902
-12835
-8647
-6244
-3733
-1898
0
1899
3731
6246
8648
12834
16903
20950
-1
-20951
-16905
-12836
-8647
-6246
-3732
-1899
-2
1898
3734
6244
8647
12834
16901
20949
0
-20948
-16903
-12836
-8646
-6245
-3733
-1897
-1
1895
3731
6244
8651
12834
16904
20952
-1
-20949
-16904
-12834
-8648
-6244
-3733
-1898
-1
1897
3735
6244
8649
12836
16906
20951
-1
-20951
-16903
-12834
-8648
-6244
-3733
-1897
0
1898
3735
6245
8648
12834
16905
20950
1
-20948
-16904
-12835
-8651
-6244
-3733
-1898
1
1899
3733
6246
8648
12836
16906
20950
-2
-20951
-16904
-12836
-8648
-6243
-3730
-1898
0
1897
3735
6244
8650
12835
16904
20950
-1
-20952
-16901
-12835
-8646
-6242
-3732
-1896
0
1898
3734
6247
8648
12838
16903
20950
1
-20951
-16903
-12836
-8646
-6242
-3733
-1896
-1
1896
3733
6246
8649
12833
16903
20951
2
-20951
-16904
-12837
-8649
-6245
-3733
-1898
-1
1897
3733
6246
8648
12835
16904
20951
1
-20950
-16903
-12836
-8650
-6245
-3732
-1896
0
1895
3735
6244
8648
12835
16906
20951
2
-20950
-16903
-12838
-8649
-6244
-3731
-1899
-1
1897
3733
6246
8648
12835
16901
20950
1
-20951
-16904
-12836
-8650
-6244
-3733
-1898
1
1897
3735
6245
8649
12835
16905
20951
1
-20951
-16904
-12836
-8650
-6243
-3734
-1898
-1
1897
3731
6245
8648
12837
16905
20948
-1
-20950
-16904
-12835
-8652
-6242
-3732
-1896
1
1897
3734
6246
8649
12836
16905
20949
0
-20953
-16904
-12834
-8649
-6245
-3732
-1896
-2
1897
3732
6246
8649
12834
16904
20950
0
-20950
-16904
-12837
-8650
-6243
-3730
-1898
-1
1900
3733
6245
8649
12834
16904
20948
2
-20950
-16903
-12838
-8651
-6245
-3733
-1895
-1
1901
3733
6244
8650
12835
16903
20951
0
-20951
-16904
-12836
-8648
-6246
-3734
-1898
2
1898
3734
6244
8648
12836
16904
20951
1
-20951
-16904
-12837
-8648
-6243
-3734
-1897
-2
1897
3733
6245
8650
12835
16904
20950
-1
-20949
-16901
-12835
-8646
-6245
-3731
-1896
0
1896
3732
6243
8652
12837
16903
20949
-1
-20952
-16903
-12836
-8648
-6246
-3732
-1896
-3
1898
3733
6244
8649
12835
16906
20951
1
-20949
-16904
-12834
-8646
-6245
-3733
-1896
0
1899
3732
6246
8648
12834
16905
20951
-2
-20951
-16903
-12836
-8648
-6245
-3731
-1898
-1
1899
3731
6244
8647
12835
16903
20949
1
-20952
-16904
-12834
-8650
-6244
-3729
-1897
0
1897
3733
6243
8648
12837
16903
20951
0
-20952
-16904
-12836
-8648
-6247
-3733
-1897
1
1899
3736
6248
8648
12835
16904
20950
0
-20950
-16903
-12835
-8648
-6243
-3734
-1900
-1
1896
3734
6245
8649
12834
16905
20950
0
-20951
-16903
-12836
-8645
-6247
-3734
-1898
0
1897
3734
6243
8648
12837
16903
20952
0
-20950
-16903
-12837
-8648
-6245
-3736
-1897
0
1899
3733
6245
8648
12837
16904
20950
1
-20951
-16902
-12835
-8648
-6244
-3733
-1900
-1
1896
3733
6244
8647
12834
16902
20950
2
-20950
-16902
-12835
-8649
-6245
-3734
-1897
-2
1898
3733
6246
8651
12835
16902
20952
-1
-20950
-16905
-12835
-8649
-6245
-3734
-1898
0
1900
3733
6242
8648
12835
16905
20950
-1
-20948
-16902
-12833
-8648
-6247
-3732
-1900
1
1901
3733
6247
8648
12834
16905
20950
