0
11
-2
18
4
9
-2
7
-11
1
1
-9
14
-4
9
0
3
-11
-2
-12
-15
4
-15
10
2
9
5
11
0
-1
6
-15
11
-7
6
6
7
2
3
1
-16
4
-22
-3
-6
-4
3
6
7
0
14
-13
9
-6
-4
5
1
7
6
14
-7
13
-12
-7
-6
-16
-4
-6
3
-5
16
-7
9
2
-9
4
-7
3
-1
14
-2
18
4
-1
8
-14
-3
-13
-4
-13
7
-6
3
10
-9
9
-8
-1
-8
4
-6
10
11
1
21
-3
8
-4
-3
-13
-2
-8
-8
11
-11
12
-3
0
-5
-2
-9
-5
6
-9
20
2
13
10
5
-1
-2
-3
-16
8
-15
6
2
0
3
-1
-3
-11
3
-20
7
-4
3
13
7
11
5
10
-11
9
-13
-3
2
-7
7
0
5
-7
7
-18
-3
-8
-14
5
-4
9
5
16
-2
14
-2
-6
6
-13
5
-3
6
-2
12
-5
-2
1
-20
0
-15
-3
-5
8
0
12
10
-3
15
-11
3
-4
0
-3
9
4
1
15
-13
6
-12
-10
-11
-6
-7
-1
11
-6
20
-3
5
2
-3
-3
0
4
-4
20
-5
13
3
-5
-2
-10
-9
-14
3
-16
12
0
3
10
-2
2
-4
3
-12
12
-5
9
14
1
12
-1
1
-13
1
-20
-2
-4
-9
11
-3
7
-2
5
-12
4
-7
-5
12
-4
16
6
12
0
8
-10
-6
-2
-19
6
-9
4
0
7
-5
2
-2
-15
7
-14
6
3
9
8
14
6
0
10
-17
4
-12
-5
-2
1
0
2
8
-14
9
-16
-5
-4
-5
3
6
12
2
22
-6
9
-2
-9
-1
-7
-1
-4
11
-9
12
-6
-7
-1
-15
-5
-8
3
-6
19
1
12
13
-4
8
-7
-1
-9
7
-9
9
5
-4
11
-11
-2
-12
-5
-16
3
-4
1
17
-3
16
1
4
-5
4
-8
0
8
-8
17
-3
6
-2
-2
-13
-7
-8
-16
9
-11
12
5
7
4
5
-2
-6
8
-14
13
0
7
9
5
1
-3
-1
-21
3
-19
-3
1
-2
7
5
7
-5
11
-15
5
-2
-3
10
4
11
4
13
-11
7
-13
-12
-3
-14
1
-3
7
-4
14
-7
1
2
-13
6
-5
7
3
17
0
14
5
-8
6
-17
-4
-10
-1
-8
9
-1
-1
11
-14
5
-10
-3
-5
7
0
10
17
-2
19
-6
1
-6
-6
-11
-2
-1
-8
15
-10
8
-4
-6
-7
-5
-6
-5
13
-6
21
5
8
8
-1
-3
-6
0
-15
11
-9
6
5
-4
1
-6
-5
-15
4
-16
8
4
3
17
5
9
0
7
-14
6
-9
-4
9
-5
9
-1
3
-11
2
-18
-7
-2
-13
11
0
12
5
14
-4
7
-1
-11
9
-11
8
2
8
-1
8
-6
-9
1
-23
1
-11
0
1
10
3
8
11
-10
12
-11
2
0
3
3
9
8
-4
13
-17
0
-12
-12
-7
-4
-1
0
15
-7
16
-4
-1
1
-5
0
1
10
-3
21
-3
7
2
-11
-4
-12
-7
-13
8
-11
11
4
-2
9
-7
0
-7
5
-9
15
2
7
17
-3
9
-6
-3
-15
0
-15
-2
4
-8
13
-4
4
-5
1
-13
2
-1
-5
18
-1
17
6
8
-3
2
-10
-11
3
-17
9
-4
4
1
3
-6
-4
-1
-17
10
-9
9
9
10
9
10
5
-8
8
-19
2
-6
-4
3
2
2
-3
6
-18
4
-14
-7
2
-2
8
8
15
-1
18
-8
2
-1
-11
2
-4
4
-2
13
-10
7
-6
-14
-1
-16
-2
-5
9
-2
19
3
5
12
-10
5
-7
1
-6
10
-4
8
8
-10
8
-15
-6
-13
-4
-11
5
4
0
20
-5
11
-1
0
-6
3
-3
0
15
-7
17
-3
0
-5
-7
-13
-9
-2
-14
14
-6
10
7
2
1
0
-1
-9
12
-10
15
6
5
9
0
-2
-10
-1
-22
3
-12
-2
7
-1
8
1
5
-10
9
-13
3
5
-2
15
5
11
0
10
-15
1
-11
-15
3
-11
5
0
8
-6
9
-8
-6
4
-14
9
-1
10
6
17
1
7
4
-15
4
-17
-3
-6
2
-4
8
2
-7
9
-17
2
-8
-2
0
10
6
8
19
-6
14
-8
-4
-5
-6
-6
-1
6
-8
15
-11
2
-5
-11
-6
-5
0
-3
19
-3
19
6
2
6
-5
-3
-8
4
-12
14
-4
3
6
-9
-2
-11
-5
-16
7
-10
9
11
2
17
1
6
-5
5
-14
6
-2
-3
14
-5
8
-4
-1
-15
-1
-15
-9
5
-10
15
3
11
3
10
-6
1
2
-12
13
-6
10
5
7
-3
2
-7
-16
1
-22
2
-5
2
5
9
4
2
9
-14
10
-9
2
5
5
7
7
9
-9
9
-19
-5
-9
-12
-2
-1
5
-1
16
-10
10
-4
-6
3
-5
5
3
15
-2
19
-3
-1
1
-16
-4
-12
-2
-9
11
-7
8
5
-8
6
-10
-1
-6
8
-4
16
8
4
17
-7
4
-9
-5
-14
1
-9
-1
10
-9
12
-7
-1
-8
-1
-10
2
7
-3
23
0
14
4
2
-6
-2
-7
-12
8
-14
11
-1
1
0
-2
-8
-9
1
-17
13
-3
10
13
8
8
4
3
-13
8
-16
3
1
-3
7
0
2
-8
