    54 
   -51 
    52 
   -50 
    51 
   -48 
    50 
   -47 
    49 
   -46 
    50 
   -46 
    48 
   -44 
    48 
   -44 
    47 
   -43 
    46 
   -43 
    46 
   -42 
    46 
   -41 
    45 
   -41 
    44 
   -40 
    44 
   -39 
    44 
   -39 
    43 
   -39 
    43 
   -38 
    42 
   -37 
    41 
   -38 
    41 
   -36 
    41 
   -36 
    40 
   -35 
    39 
   -35 
    39 
   -34 
    39 
   -34 
    39 
   -33 
    38 
   -33 
    38 
   -32 
    38 
   -33 
    37 
   -32 
    37 
   -31 
    37 
   -32 
    37 
   -31 
    36 
   -31 
    36 
   -31 
    35 
   -30 
    34 
   -29 
    35 
   -30 
    35 
   -29 
    35 
   -29 
    34 
   -29 
    34 
   -28 
    34 
   -28 
    34 
   -27 
    33 
   -27 
    33 
   -27 
    32 
   -27 
    32 
   -26 
    32 
   -26 
    32 
   -26 
    31 
   -25 
    32 
   -25 
    32 
   -26 
    31 
   -25 
    32 
   -25 
    31 
   -24 
    31 
   -24 
    31 
   -24 
    31 
   -23 
    31 
   -23 
    31 
   -23 
    30 
   -24 
    30 
   -22 
    30 
   -22 
    30 
   -22 
    30 
   -23 
    29 
   -22 
    30 
   -21 
    29 
   -22 
    28 
   -22 
    29 
   -21 
    29 
   -21 
    29 
   -21 
    28 
   -21 
    29 
   -20 
    28 
   -21 
    28 
   -20 
    28 
   -20 
    28 
   -19 
    28 
   -19 
    28 
   -19 
    28 
   -19 
    28 
   -19 
    28 
   -18 
    27 
   -19 
    28 
   -18 
    28 
   -19 
    27 
   -18 
    28 
   -18 
    27 
   -17 
    27 
   -18 
    27 
   -18 
    27 
   -18 
    27 
   -16 
    26 
   -17 
    27 
   -17 
    26 
   -16 
    27 
   -17 
    26 
   -17 
    26 
   -16 
    26 
   -16 
    26 
   -15 
    26 
   -15 
    25 
   -15 
    25 
   -16 
    25 
   -15 
    26 
   -15 
    25 
   -15 
    25 
   -15 
    25 
   -15 
    25 
   -15 
    26 
   -15 
    25 
   -14 
    25 
   -14 
    25 
   -14 
    25 
   -14 
    25 
   -13 
    25 
   -14 
    24 
   -13 
    24 
   -14 
    24 
   -13 
    24 
   -13 
    24 
   -13 
    25 
   -13 
    25 
   -13 
    24 
   -13 
    24 
   -13 
    24 
   -12 
    25 
   -13 
    24 
   -12 
    24 
   -12 
    24 
   -12 
    24 
   -12 
    24 
   -12 
    24 
   -12 
    23 
   -12 
    24 
   -12 
    24 
   -12 
    24 
   -12 
    24 
   -12 
    24 
   -11 
    23 
   -11 
    23 
   -11 
    24 
   -11 
    23 
   -11 
    23 
   -11 
    23 
   -11 
    23 
   -11 
    23 
   -11 
    23 
   -10 
    23 
   -11 
    23 
   -10 
    23 
   -10 
    23 
   -10 
    23 
   -10 
    23 
   -10 
    22 
    -9 
    22 
    -9 
    23 
    -9 
    22 
    -9 
    23 
    -9 
    23 
    -9 
    22 
    -9 
    23 
    -9 
    22 
    -9 
    22 
    -8 
    22 
    -8 
    22 
    -9 
    22 
    -9 
    22 
    -8 
    22 
    -8 
    23 
    -8 
    23 
    -8 
    21 
    -8 
    22 
    -9 
    22 
    -8 
    22 
    -8 
    22 
    -8 
    21 
    -7 
    22 
    -7 
    22 
    -8 
    22 
    -7 
    22 
    -7 
    22 
    -7 
    21 
    -7 
    21 
    -7 
    22 
    -7 
    22 
    -7 
    21 
    -7 
    21 
    -6 
    22 
    -6 
    22 
    -7 
    21 
    -6 
    21 
    -6 
    21 
    -6 
    21 
    -5 
    21 
    -6 
    21 
    -5 
    22 
    -6 
    21 
    -6 
    21 
    -6 
    21 
    -6 
    21 
    -5 
    20 
    -5 
    21 
    -5 
    21 
    -6 
    21 
    -5 
    21 
    -5 
    21 
    -5 
    21 
    -5 
    21 
    -6 
    21 
    -4 
    21 
    -5 
    20 
    -5 
    20 
    -5 
    20 
    -5 
    20 
    -5 
    20 
    -4 
    20 
    -5 
    21 
    -4 
    20 
    -5 
    20 
    -3 
    21 
    -5 
    20 
    -4 
    20 
    -4 
    21 
    -3 
    21 
    -4 
    20 
    -4 
    20 
    -4 
    21 
    -4 
    20 
    -3 
    20 
    -4 
    20 
    -3 
    20 
    -3 
    20 
    -4 
    19 
    -3 
    20 
    -2 
    20 
    -3 
    19 
    -3 
    20 
    -3 
    20 
    -3 
    20 
    -3 
    20 
    -2 
    20 
    -3 
    20 
    -2 
    20 
    -2 
    20 
    -2 
    20 
    -2 
    20 
    -2 
    20 
    -2 
    20 
    -2 
    20 
    -2 
    19 
    -3 
    20 
    -2 
    20 
    -3 
    20 
    -1 
    19 
    -1 
    20 
    -2 
    20 
    -2 
    20 
    -2 
    20 
    -1 
    20 
    -1 
    20 
    -2 
    20 
    -2 
    19 
    -2 
    19 
    -1 
    20 
    -1 
    20 
    -1 
    20 
    -1 
    20 
    -1 
    20 
    -1 
    19 
    -1 
    19 
    -1 
    19 
    -2 
    21 
    -1 
    20 
    -1 
    19 
    -1 
    20 
    -1 
    20 
    -1 
    19 
     0 
    19 
     0 
    20 
     0 
    19 
     0 
    20 
     0 
    19 
     0 
    20 
     0 
    19 
     0 
    19 
     0 
    19 
     1 
    19 
     0 
    19 
     1 
    19 
     0 
    19 
     0 
    19 
     0 
    19 
     0 
    19 
     1 
    19 
     1 
    18 
     1 
    19 
     0 
    19 
     1 
    18 
     0 
    19 
     1 
    18 
     1 
    19 
     1 
    19 
     1 
    19 
     1 
    19 
     1 
    18 
     1 
    19 
     1 
    19 
     0 
    18 
     1 
    19 
     1 
    19 
     2 
    19 
     2 
    18 
     2 
    19 
     1 
    18 
     2 
    18 
     1 
    19 
     2 
    19 
     2 
    18 
     2 
    18 
     2 
    19 
     3 
    18 
     2 
    19 
     2 
    19 
     2 
    18 
     2 
    19 
     2 
    19 
     3 
    18 
     3 
    19 
     3 
    19 
     3 
    18 
     2 
    18 
     2 
    18 
     3 
    19 
     3 
    19 
     3 
    18 
     3 
    18 
     3 
    18 
     3 
    19 
     3 
    19 
     4 
    18 
     4 
    19 
     4 
    18 
     3 
    18 
     3 
    18 
     3 
    18 
     3 
    18 
     4 
    19 
     4 
    18 
     4 
    18 
     4 
    18 
     4 
    18 
     4 
    18 
     4 
    18 
     4 
    18 
     4 
    18 
     4 
    18 
     4 
    18 
     4 
    17 
     4 
    18 
     4 
    18 
     5 
    18 
     4 
    18 
     4 
    17 
     4 
    17 
     4 
    18 
     5 
    17 
     5 
    17 
     4 
    17 
     4 
    18 
     5 
    18 
     5 
    17 
     5 
    18 
     5 
    18 
     6 
    17 
     5 
    18 
     6 
    17 
     5 
    18 
     5 
    17 
     5 
    17 
     5 
    18 
     5 
    18 
     5 
    18 
     5 
    18 
     6 
    18 
     5 
    18 
     6 
    17 
     6 
    18 
     6 
    18 
     6 
    18 
     5 
    17 
     6 
    18 
     7 
    17 
     6 
    17 
     6 
    17 
     6 
    18 
     6 
    17 
     7 
    18 
     7 
    17 
     7 
    17 
     6 
    17 
     7 
    17 
     7 
    17 
     7 
    18 
     6 
    17 
     7 
    17 
     7 
    17 
     7 
    18 
     7 
    18 
     7 
    17 
     7 
    18 
     8 
    17 
     8 
    17 
     7 
    17 
     8 
    17 
     7 
    17 
     7 
    18 
     8 
    17 
     7 
    17 
     8 
    17 
     7 
    17 
     7 
    17 
     8 
    17 
     8 
    17 
     8 
    17 
     8 
    17 
     8 
    18 
     8 
    17 
     8 
    17 
     8 
    17 
     9 
    17 
     8 
    17 
     8 
    17 
     8 
    17 
     9 
    17 
     9 
    17 
     8 
    17 
     9 
    17 
     9 
    17 
    10 
    17 
     9 
    17 
    10 
    17 
    10 
    17 
    10 
    17 
     9 
    17 
     9 
    18 
    10 
    16 
    10 
    17 
    10 
    17 
    10 
    17 
    10 
    17 
    10 
    17 
    10 
    17 
    10 
    17 
    10 
    17 
    10 
    17 
    10 
    17 
    10 
    17 
    10 
    17 
    10 
    16 
    10 
    17 
    10 
    17 
    11 
    16 
    10 
    17 
    11 
    17 
    11 
    17 
    11 
    17 
    11 
    17 
    11 
    17 
    11 
    17 
    11 
    17 
    11 
    17 
    11 
    16 
    11 
    17 
    11 
    16 
    12 
    17 
    12 
    17 
    11 
    17 
    12 
    17 
    12 
    17 
    12 
    17 
    11 
    16 
    12 
    17 
    13 
    17 
    12 
    17 
    13 
    17 
    12 
    17 
    12 
    17 
    13 
    17 
    13 
    17 
    12 
    17 
    13 
    16 
    13 
    17 
    13 
    17 
    14 
    16 
    13 
    16 
    13 
    17 
    13 
    17 
    13 
    17 
    13 
    17 
    13 
    17 
    14 
    16 
    13 
    17 
    14 
    17 
    15 
    17 
    14 
    17 
    14 
    17 
    15 
    17 
    14 
    16 
    14 
   189 
    14 
    17 
    15 
    17 
    16 
    17 
    15 
    17 
    15 
    18 
    16 
    18 
    16 
    18 
    16 
    17 
    16 
    18 
    16 
    19 
    16 
    18 
    17 
    18 
    16 
    18 
    17 
    18 
    17 
    18 
    16 
    18 
    17 
    19 
    17 
    18 
    18 
    18 
    17 
    19 
    18 
    19 
    18 
    20 
    19 
    20 
    18 
    21 
    19 
    21 
    20 
    23 
    20 
    24 
    21 
    28 
    22 
    38 
    27 
   215 
    95 
    -9 
     8 
     5 
    14 
     9 
    16 
    12 
    17 
    13 
    17 
    13 
    18 
    14 
    18 
    15 
    19 
    14 
    19 
    15 
    19 
    16 
    20 
    16 
    21 
    16 
    21 
    17 
    21 
    17 
    21 
    17 
    21 
    17 
    22 
    17 
    22 
    17 
    22 
    18 
    23 
    19 
    24 
    19 
    25 
    21 
    25 
    21 
    26 
    23 
    28 
    24 
    30 
    28 
    33 
    34 
    38 
    49 
    53 
   199 
   189 
   -42 
   -30 
    -9 
    -1 
    -1 
     8 
     3 
    12 
     6 
    15 
     8 
    16 
     9 
    17 
    10 
    19 
    11 
    20 
    11 
    20 
    11 
    21 
    11 
    22 
    12 
    22 
    13 
    23 
    13 
    24 
    14 
    24 
    13 
    25 
    14 
    26 
    14 
    27 
    15 
    28 
    16 
    29 
    17 
    31 
    17 
    33 
    18 
    35 
    20 
    38 
    22 
    42 
    25 
    48 
    30 
    59 
    44 
    88 
   135 
   272 
   -57 
  -112 
   -15 
   -30 
    -4 
    -9 
     0 
     0 
     2 
     6 
     4 
    10 
     5 
    13 
     6 
    14 
     6 
    16 
     7 
    18 
     7 
    19 
     7 
    20 
     8 
    21 
     8 
    22 
     9 
    24 
     9 
    26 
    10 
    27 
     9 
    28 
     9 
    29 
    10 
    31 
    10 
    33 
    10 
    35 
    10 
    38 
    10 
    41 
    11 
    45 
    11 
    51 
    12 
    60 
    14 
    76 
    17 
   115 
    35 
   313 
   -15 
  -236 
     0 
   -66 
     3 
   -31 
     5 
   -15 
     6 
    -6 
     6 
     0 
     6 
     4 
     6 
     8 
     7 
    10 
     6 
    13 
     6 
    15 
     7 
    16 
     6 
    18 
     7 
    20 
     5 
    21 
     5 
    23 
     5 
    25 
     5 
    26 
     4 
    27 
     4 
    29 
     4 
    32 
     3 
    34 
     2 
    37 
     2 
    41 
     0 
    45 
    -1 
    53 
    -4 
    62 
    -9 
    80 
   -20 
   120 
   -70 
   293 
   119 
  -370 
    40 
   -94 
    26 
   -46 
    21 
   -26 
    18 
   -15 
    16 
    -7 
    14 
    -3 
    13 
     2 
    12 
     4 
    11 
     8 
    10 
    10 
    10 
    12 
     9 
    13 
     8 
    14 
     8 
    17 
     7 
    18 
     5 
    19 
     6 
    21 
     5 
    23 
     3 
    25 
     2 
    27 
     1 
    29 
    -1 
    32 
    -3 
    36 
    -5 
    39 
   -10 
    45 
   -16 
    53 
   -26 
    67 
   -50 
    98 
  -138 
   215 
   369 
  -456 
    92 
   -90 
    57 
   -42 
    43 
   -23 
    35 
   -14 
    30 
    -7 
    27 
    -2 
    25 
     1 
    22 
     4 
    20 
     7 
    19 
     9 
    18 
    10 
    16 
    12 
    16 
    13 
    15 
    14 
    14 
    16 
    12 
    17 
    11 
    18 
    10 
    19 
    10 
    21 
     8 
    21 
     6 
    23 
     3 
    25 
     1 
    27 
    -2 
    29 
    -6 
    32 
   -13 
    37 
   -25 
    44 
   -49 
    60 
  -131 
   112 
   717 
  -414 
   122 
   -45 
    74 
   -16 
    57 
    -4 
    47 
     2 
    41 
     6 
    37 
     9 
    34 
    11 
    32 
    13 
    31 
    14 
    29 
    15 
    27 
    16 
    26 
    17 
    25 
    18 
    24 
    19 
    24 
    20 
    23 
    20 
    22 
    21 
    21 
    22 
    21 
    22 
    20 
    23 
    19 
    24 
    18 
    24 
    17 
    25 
    15 
    26 
    12 
    27 
     9 
    28 
     4 
    29 
    -7 
    32 
   -42 
    38 
  1088 
  -173 
    83 
    16 
    55 
    22 
    46 
    24 
    40 
    26 
    38 
    27 
    36 
    27 
    34 
    29 
    33 
    29 
    33 
    29 
    32 
    30 
    32 
    31 
    31 
    31 
    32 
    32 
    30 
    32 
    31 
    33 
    31 
    34 
    32 
    34 
    32 
    35 
    33 
    35 
    34 
    36 
    34 
    37 
    35 
    37 
    37 
    39 
    38 
    40 
    41 
    40 
    45 
    42 
    52 
    43 
    64 
    47 
   101 
    54 
  1366 
   291 
   -58 
    25 
   -14 
    34 
     1 
    37 
     7 
    39 
    11 
    40 
    14 
    42 
    17 
    43 
    20 
    44 
    20 
    45 
    23 
    47 
    24 
    48 
    25 
    49 
    26 
    49 
    28 
    51 
    29 
    53 
    31 
    53 
    32 
    55 
    34 
    57 
    36 
    59 
    38 
    60 
    41 
    63 
    45 
    65 
    49 
    69 
    55 
    73 
    63 
    79 
    75 
    87 
    94 
    99 
   130 
   122 
   226 
   183 
  1411 
   917 
  -281 
  -130 
  -117 
   -27 
   -69 
     3 
   -45 
    19 
   -31 
    28 
   -23 
    35 
   -16 
    40 
   -10 
    45 
    -7 
    48 
    -2 
    52 
     1 
    55 
     4 
    59 
     6 
    62 
     8 
    65 
    11 
    68 
    13 
    71 
    16 
    75 
    19 
    79 
    21 
    83 
    25 
    89 
    30 
    95 
    35 
   102 
    41 
   111 
    49 
   121 
    59 
   136 
    74 
   157 
    99 
   189 
   142 
   249 
   254 
   399 
  1129 
  1558 
  -473 
  -563 
  -197 
  -195 
  -124 
   -98 
   -91 
   -52 
   -72 
   -25 
   -59 
    -6 
   -49 
     7 
   -43 
    18 
   -37 
    28 
   -32 
    35 
   -29 
    42 
   -26 
    49 
   -23 
    54 
   -20 
    61 
   -18 
    67 
   -16 
    75 
   -13 
    80 
   -11 
    89 
    -8 
    96 
    -6 
   106 
    -4 
   115 
     0 
   128 
     4 
   143 
    10 
   162 
    16 
   187 
    26 
   223 
    42 
   279 
    69 
   379 
   137 
   616 
   532 
  2004 
  -414 
 -1319 
  -169 
  -454 
  -114 
  -256 
   -89 
  -167 
   -76 
  -115 
   -67 
   -82 
   -61 
   -56 
   -57 
   -36 
   -52 
   -22 
   -51 
    -9 
   -49 
     3 
   -48 
    13 
   -47 
    23 
   -45 
    32 
   -45 
    42 
   -45 
    51 
   -45 
    61 
   -45 
    70 
   -46 
    82 
   -46 
    93 
   -47 
   108 
   -48 
   125 
   -49 
   144 
   -53 
   169 
   -55 
   202 
   -60 
   248 
   -66 
   318 
   -77 
   443 
  -104 
   726 
  -229 
  2072 
   175 
 -2289 
    29 
  -716 
     1 
  -414 
   -11 
  -284 
   -20 
  -212 
   -25 
  -165 
   -28 
  -131 
   -33 
  -105 
   -35 
   -85 
   -37 
   -68 
   -40 
   -53 
   -43 
   -39 
   -45 
   -28 
   -48 
   -17 
   -50 
    -6 
   -54 
     4 
   -58 
    16 
   -62 
    26 
   -66 
    38 
   -72 
    51 
   -78 
    65 
   -85 
    82 
   -94 
   103 
  -105 
   126 
  -121 
   160 
  -143 
   204 
  -176 
   273 
  -235 
   390 
  -361 
   645 
  -879 
  1686 
  1530 
 -3154 
   376 
  -836 
   202 
  -486 
   131 
  -343 
    92 
  -265 
    65 
  -215 
    48 
  -180 
    35 
  -155 
    24 
  -133 
    14 
  -116 
     7 
  -102 
    -1 
   -89 
    -8 
   -78 
   -14 
   -67 
   -21 
   -57 
   -27 
   -48 
   -35 
   -39 
   -41 
   -31 
   -49 
   -20 
   -59 
   -11 
   -67 
     0 
   -80 
    13 
   -93 
    28 
  -112 
    46 
  -136 
    69 
  -168 
   100 
  -218 
   147 
  -303 
   225 
  -482 
   389 
 -1124 
   975 
  3681 
 -3406 
   705 
  -690 
   390 
  -404 
   269 
  -292 
   204 
  -233 
   164 
  -196 
   136 
  -170 
   115 
  -150 
    99 
  -136 
    85 
  -124 
    74 
  -114 
    64 
  -105 
    55 
   -97 
    47 
   -91 
    40 
   -85 
    32 
   -79 
    24 
   -73 
    17 
   -68 
     9 
   -63 
     1 
   -58 
    -8 
   -53 
   -18 
   -47 
   -32 
   -40 
   -47 
   -33 
   -67 
   -24 
   -94 
   -12 
  -134 
     6 
  -201 
    32 
  -339 
    86 
  -783 
   261 
  6312 
 -2488 
   708 
  -316 
   396 
  -195 
   284 
  -150 
   226 
  -127 
   190 
  -112 
   166 
  -102 
   148 
   -93 
   135 
   -89 
   125 
   -83 
   114 
   -79 
   108 
   -76 
   102 
   -73 
    96 
   -71 
    92 
   -68 
    88 
   -65 
    84 
   -64 
    82 
   -62 
    79 
   -61 
    76 
   -59 
    74 
   -58 
    71 
   -56 
    69 
   -55 
    68 
   -54 
    66 
   -52 
    65 
   -52 
    63 
   -50 
    62 
   -49 
    61 
   -49 
    59 
   -48 
    -4 
    -5 
    -6 
    -2 
    -5 
    -1 
    -5 
    -1 
    -3 
    -1 
    -4 
    -1 
    -5 
    -1 
    -4 
    -1 
    -3 
    -1 
    -4 
    -1 
    -4 
    -1 
    -3 
    -1 
    -3 
    -1 
    -2 
    -1 
    -3 
    -1 
    -3 
    -1 
    -3 
    -1 
    -2 
    -1 
    -4 
    -1 
    -3 
    -1 
    -3 
    -1 
    -2 
    -1 
    -4 
    -1 
    -2 
    -1 
    -2 
    -1 
    -3 
    -1 
    -3 
    -1 
    -3 
    -1 
    -3 
    -1 
    -2 
    -1 
    -2 
    -1 
    -3 
    -1 
    -1 
    -1 
    -2 
    -1 
    -2 
    -1 
    -2 
    -1 
    -1 
     0 
    -2 
    -1 
    -2 
    -1 
    -2 
    -1 
    -1 
    -1 
    -2 
    -1 
    -2 
    -1 
    -3 
    -1 
    -1 
    -1 
    -2 
    -1 
    -3 
    -1 
    -2 
    -1 
    -1 
    -1 
    -2 
    -1 
    -2 
    -1 
    -2 
    -1 
    -2 
    -1 
    -2 
    -1 
    -2 
    -1 
    -1 
    -1 
    -2 
    -1 
    -2 
    -1 
    -1 
    -1 
    -2 
    -1 
    -2 
    -1 
    -2 
    -1 
    -2 
    -1 
    -2 
    -1 
    -1 
    -1 
     0 
     0 
    -1 
     0 
    -1 
     0 
    -2 
    -1 
    -2 
     0 
    -1 
     0 
    -2 
    -1 
    -2 
     0 
    -2 
     0 
    -2 
    -1 
    -2 
    -1 
    -2 
    -1 
    -2 
    -1 
    -1 
    -1 
    -1 
     0 
    -1 
    -1 
     0 
     0 
    -2 
     0 
    -2 
    -1 
    -1 
     0 
    -1 
    -1 
    -2 
    -1 
    -1 
     0 
    -2 
    -1 
    -2 
    -1 
    -1 
     0 
    -2 
    -1 
    -1 
    -1 
    -1 
    -1 
    -1 
    -1 
    -1 
     0 
    -1 
    -1 
    -2 
    -1 
     0 
     0 
    -2 
    -1 
     0 
     0 
    -2 
    -1 
    -1 
     0 
    -1 
     0 
    -1 
    -1 
    -2 
    -1 
    -2 
    -1 
    -2 
     0 
     0 
    -1 
    -2 
    -1 
    -1 
     0 
    -1 
    -1 
    -1 
     0 
    -1 
     0 
    -1 
     0 
    -1 
    -1 
    -1 
    -1 
    -1 
    -1 
    -2 
    -1 
    -1 
    -1 
    -2 
    -1 
    -2 
    -1 
    -1 
    -1 
    -1 
    -1 
    -1 
     0 
    -2 
    -1 
    -1 
    -1 
    -1 
    -1 
    -1 
     0 
    -1 
    -1 
    -1 
     0 
     0 
     0 
    -1 
    -1 
    -1 
     0 
     0 
     0 
    -1 
    -1 
    -1 
    -1 
     0 
     0 
    -1 
     0 
    -1 
     0 
    -1 
    -1 
    -1 
     0 
    -1 
    -1 
     0 
     0 
     0 
     0 
    -2 
    -1 
    -1 
    -1 
    -2 
     0 
    -1 
    -1 
    -1 
     0 
    -1 
    -1 
    -1 
     0 
    -1 
     0 
    -1 
     0 
     0 
     0 
    -1 
    -1 
    -1 
     0 
    -1 
     0 
    -1 
    -1 
     0 
     0 
    -1 
    -1 
    -2 
     0 
    -1 
     0 
     0 
    -1 
     0 
     0 
    -1 
     0 
    -1 
    -1 
    -2 
     0 
    -1 
    -1 
    -1 
    -1 
    -1 
     0 
    -1 
     0 
     0 
    -1 
    -1 
     0 
    -1 
     0 
    -1 
    -1 
     0 
     0 
    -1 
    -1 
     0 
    -1 
    -1 
     0 
    -1 
    -1 
    -1 
     0 
    -1 
    -1 
     0 
     0 
    -1 
     0 
    -1 
     0 
     0 
     0 
    -1 
     0 
     0 
    -1 
    -1 
     0 
     0 
    -1 
     0 
     0 
     0 
    -1 
     0 
     0 
    -1 
    -1 
    -1 
     0 
    -2 
    -1 
    -1 
    -1 
    -1 
    -1 
    -1 
    -1 
     0 
     0 
    -1 
    -1 
    -1 
    -1 
    -1 
     0 
    -2 
    -1 
    -1 
    -1 
    -1 
    -1 
    -1 
    -1 
    -1 
    -1 
     0 
     0 
    -1 
    -1 
    -1 
    -1 
    -1 
    -1 
    -1 
     0 
    -1 
    -1 
     0 
    -1 
    -2 
     0 
    -1 
    -1 
    -1 
    -1 
    -1 
     0 
    -1 
    -1 
     0 
     0 
     0 
    -1 
    -1 
    -1 
    -1 
    -1 
     0 
     0 
     0 
     0 
    -1 
     0 
     0 
     0 
    -1 
    -1 
    -2 
     0 
    -1 
     0 
     0 
    -1 
    -1 
     0 
    -1 
    -1 
     0 
     0 
     0 
    -1 
    -1 
     0 
     0 
     0 
    -1 
    -1 
    -1 
    -1 
     0 
     0 
    -1 
    -1 
    -1 
    -1 
    -1 
     0 
    -1 
     0 
    -1 
    -1 
    -1 
    -1 
    -1 
     0 
    -1 
    -1 
    -1 
    -1 
    -1 
     0 
     0 
    -1 
    -1 
     0 
    -1 
    -1 
     0 
    -1 
     0 
     0 
     0 
     0 
     0 
     0 
     0 
     0 
     0 
     0 
     0 
     0 
     0 
     0 
     0 
     0 
     0 
     0 
     0 
     0 
     0 
     0 
     0 
     0 
     0 
     0 
    -1 
    -1 
    -1 
    -1 
    -1 
     0 
    -1 
     0 
    -1 
     0 
     0 
     0 
    -1 
    -1 
     0 
     0 
    -1 
    -1 
     0 
     0 
    -1 
    -1 
     0 
     0 
     0 
     0 
    -1 
     0 
     0 
     0 
    -1 
     0 
    -1 
    -1 
    -1 
    -1 
    -1 
     0 
     0 
     0 
    -1 
     0 
     0 
     0 
     0 
     0 
     0 
     0 
    -1 
    -1 
     0 
     0 
    -1 
    -1 
    -1 
    -1 
     0 
     0 
    -1 
     0 
     0 
     0 
    -1 
    -1 
    -1 
    -1 
     0 
     0 
    -1 
    -1 
    -1 
    -1 
     0 
     0 
    -1 
    -1 
     0 
     0 
    -1 
     0 
    -1 
     0 
    -1 
    -1 
    -1 
    -1 
     0 
     0 
     0 
    -1 
    -1 
    -1 
     0 
     0 
    -1 
     0 
    -1 
    -1 
     0 
    -1 
    -1 
    -1 
     0 
     0 
     0 
     0 
     0 
     0 
     0 
     0 
    -1 
    -1 
     0 
     0 
    -1 
    -1 
    -1 
     0 
     0 
     0 
     0 
     0 
     0 
    -1 
     0 
     0 
     0 
     0 
    -1 
     0 
    -1 
    -1 
    -1 
     0 
     0 
     0 
     0 
     0 
     0 
     0 
    -1 
    -1 
     0 
     0 
     0 
     0 
     0 
    -1 
    -1 
     0 
     0 
     0 
    -1 
     0 
    -1 
     0 
     0 
     0 
     0 
     0 
    -1 
    -1 
     0 
    -1 
    -1 
     0 
    -1 
     0 
     0 
     0 
     0 
     0 
     0 
     0 
     0 
     0 
     0 
     0 
     0 
     0 
    -1 
    -1 
    -1 
    -1 
     0 
     0 
    -1 
     0 
     0 
     0 
     0 
    -1 
    -1 
     0 
     0 
     0 
    -1 
    -1 
    -1 
     0 
     0 
     0 
    -1 
     0 
    -1 
     0 
     0 
     0 
     0 
     0 
    -1 
    -1 
    -1 
     0 
     0 
     0 
    -1 
     0 
    -1 
    -1 
     0 
     0 
     0 
     0 
    -1 
     0 
    -1 
    -1 
    -1 
    -1 
     0 
    -1 
    -1 
    -1 
     0 
     0 
     0 
     0 
    -1 
    -1 
     0 
     0 
     0 
     0 
     0 
     0 
    -1 
    -1 
     0 
     0 
    -1 
     0 
     0 
     0 
     0 
    -1 
     0 
     0 
    -1 
    -1 
     0 
     0 
     0 
     0 
     0 
     0 
     0 
     0 
     0 
     0 
    -1 
    -1 
     0 
     0 
     0 
     0 
     0 
     0 
    -1 
    -1 
     0 
     0 
     0 
     0 
     0 
     0 
     0 
    -1 
    -1 
     0 
    -1 
    -1 
     0 
     0 
     0 
     0 
     0 
    -1 
     0 
    -1 
     0 
    -1 
     0 
     0 
     0 
    -1 
    -1 
    -1 
    -1 
    -1 
    -1 
    -1 
     0 
     0 
     0 
    -1 
    -1 
     0 
     0 
    -1 
     0 
     0 
     0 
    -1 
    -1 
    -1 
     0 
     0 
     0 
     0 
     0 
    -1 
     0 
    -1 
    -1 
    -1 
     0 
     0 
     0 
    -1 
     0 
     0 
     0 
     0 
     0 
     0 
     0 
     0 
     0 
     0 
     0 
    -1 
     0 
     0 
     0 
    -1 
     0 
     0 
     0 
    -1 
     0 
     0 
    -1 
     0 
     0 
     0 
    -1 
    -1 
    -1 
     0 
    -1 
    -1 
     0 
    -1 
    -1 
    -1 
    -1 
     0 
    -1 
    -1 
    -1 
    -1 
    -1 
    -1 
     0 
    -1 
    -1 
    -1 
    -1 
    -1 
    -1 
     0 
     0 
     0 
    -1 
    -1 
    -1 
    -1 
    -1 
     0 
     0 
     0 
    -1 
    -1 
     0 
    -1 
    -1 
     0 
    -1 
    -1 
    -1 
     0 
     0 
     0 
    -1 
    -1 
    -1 
     0 
     0 
    -1 
    -1 
    -1 
    -1 
     0 
    -1 
    -1 
     0 
     0 
     0 
     0 
     0 
     0 
     0 
    -1 
    -1 
     0 
    -1 
     0 
    -1 
    -1 
     0 
     0 
    -1 
    -1 
    -1 
     0 
     0 
    -1 
     0 
     0 
     0 
     0 
    -1 
    -1 
    -1 
     0 
     0 
     0 
    -1 
    -1 
    -1 
    -1 
     0 
     0 
     0 
     0 
    -1 
    -1 
    -1 
     0 
     0 
     0 
    -1 
     0 
    -1 
    -1 
     0 
     0 
     0 
    -1 
     0 
     0 
    -1 
    -1 
     0 
    -1 
   493 
     0 
     0 
    -1 
     0 
     0 
     0 
     0 
     0 
     0 
     0 
     0 
     0 
     0 
     1 
     0 
     0 
     0 
     0 
     0 
     0 
     0 
     0 
     0 
     0 
     0 
     0 
     0 
     1 
     0 
     0 
     0 
    -1 
     0 
     0 
     0 
     0 
     0 
     0 
     0 
     0 
     0 
     1 
     0 
     0 
     0 
    -1 
    -1 
     0 
     0 
     0 
     0 
     0 
     0 
     0 
     0 
     0 
     0 
     1 
     0 
     1 
     0 
    -1 
     0 
     0 
     0 
     0 
     0 
    -1 
    -1 
    -1 
    -1 
    -1 
     0 
     0 
     0 
    -1 
    -1 
     0 
     0 
     1 
     0 
     1 
     0 
     0 
     0 
     0 
     0 
    -1 
    -1 
     0 
     0 
     0 
     0 
     0 
     0 
     0 
    -1 
     1 
     0 
     0 
     0 
    -1 
    -1 
     0 
     0 
     0 
     0 
     0 
     0 
    -1 
    -1 
     0 
     0 
     0 
     0 
     0 
    -1 
     0 
     0 
     0 
     0 
     0 
     0 
     1 
     0 
     0 
     0 
   783 
     0 
     0 
     0 
     0 
     0 
     0 
     0 
     0 
     0 
     0 
     0 
     0 
     0 
     0 
     0 
     0 
     0 
    -1 
     0 
    -1 
    -1 
     0 
     0 
     0 
     0 
     0 
     0 
     0 
    -1 
     0 
     0 
     0 
    -1 
     0 
     0 
    -1 
     0 
     0 
     0 
     0 
     0 
     1 
     0 
     0 
     0 
    -1 
     0 
     0 
     0 
     0 
     0 
     0 
     0 
     0 
     0 
     0 
    -1 
     0 
    -1 
     0 
    -1 
     0 
     0 
     0 
     0 
     0 
     0 
     0 
     0 
     0 
     0 
     0 
     0 
     0 
     0 
    -1 
     0 
     0 
     0 
     1 
     0 
     0 
     0 
     0 
     0 
     1 
     0 
     0 
    -1 
     0 
     0 
     0 
     0 
     0 
    -1 
    -1 
     0 
     0 
     0 
     0 
     0 
     0 
     0 
     0 
    -1 
     1 
     0 
     0 
     0 
     0 
     0 
     0 
     0 
     0 
     0 
    -1 
    -1 
     1 
     0 
     0 
     0 
     0 
     0 
     0 
    -1 
     0 
    -1 
  1241 
     0 
     0 
     0 
     1 
     0 
     0 
     0 
     0 
    -1 
     1 
     0 
     0 
     0 
    -1 
    -1 
    -1 
    -1 
     0 
     0 
     0 
     0 
     0 
     0 
     0 
    -1 
     0 
     0 
    -1 
    -1 
     0 
     0 
     0 
     0 
     0 
    -1 
    -1 
    -1 
     0 
     0 
    -1 
    -1 
     0 
     0 
    -1 
    -1 
     0 
     0 
    -1 
     0 
     0 
     0 
     0 
     0 
     0 
    -1 
    -1 
     0 
     0 
     0 
    -1 
    -1 
     0 
     0 
     0 
     0 
     0 
     0 
     1 
     0 
     0 
    -1 
     0 
     0 
     0 
     0 
     0 
     0 
     0 
     0 
     1 
    -1 
    -1 
    -1 
    -1 
     0 
     0 
     0 
     0 
    -1 
     0 
     0 
    -1 
     0 
    -1 
    -1 
     0 
     0 
     0 
    -1 
     0 
    -1 
    -1 
     0 
    -1 
    -1 
     0 
     0 
     1 
    -1 
     0 
     0 
     0 
     0 
    -1 
     0 
     0 
     0 
     0 
     0 
     0 
    -1 
     0 
     0 
     0 
    -1 
     0 
     0 
  1966 
     0 
     0 
     0 
     0 
     0 
     0 
     0 
     0 
    -1 
     0 
     0 
     0 
     0 
     0 
    -1 
     0 
     0 
     0 
     0 
     0 
     0 
     1 
     0 
     0 
    -1 
     0 
    -1 
     0 
    -1 
     0 
     0 
     0 
     0 
     0 
     0 
     0 
     0 
     0 
     0 
     0 
     0 
     0 
     0 
     0 
     0 
     0 
    -1 
     0 
     0 
     0 
     0 
     0 
     0 
     0 
     0 
     0 
     0 
     0 
     0 
     0 
    -1 
     0 
     0 
     0 
     0 
     0 
     0 
     0 
     0 
     0 
     0 
     0 
     0 
     0 
    -1 
     0 
     0 
    -1 
     0 
     0 
    -1 
     0 
     0 
     0 
     0 
     0 
     0 
     0 
    -1 
     0 
     0 
     0 
     0 
    -1 
    -1 
     0 
     0 
     0 
     0 
    -1 
    -1 
     0 
     0 
    -1 
     0 
     0 
     0 
     0 
     0 
     0 
     0 
     0 
     0 
     0 
     0 
     0 
     0 
     0 
     0 
     0 
    -1 
     0 
     0 
     0 
     0 
     0 
    -1 
  3115 
     0 
     0 
     0 
     0 
     0 
     0 
     0 
     0 
     0 
     0 
     0 
     0 
     0 
     0 
     0 
     0 
     0 
     0 
     0 
     0 
     0 
     0 
     0 
     0 
     0 
    -1 
    -1 
    -1 
    -1 
     0 
    -1 
     0 
     0 
     0 
     0 
     0 
     0 
     0 
     0 
     1 
    -1 
    -1 
    -1 
     0 
     0 
    -1 
    -1 
     0 
     0 
     0 
     0 
     0 
    -1 
     0 
     0 
     0 
    -1 
    -1 
    -1 
    -1 
    -1 
     0 
    -1 
     1 
     0 
     0 
     0 
     0 
     0 
     0 
     0 
     0 
     0 
     0 
     0 
     0 
     0 
     0 
     0 
     0 
     0 
     1 
     0 
     0 
    -1 
     0 
     0 
    -1 
    -1 
    -1 
    -1 
     0 
     0 
     0 
    -1 
    -1 
    -1 
     0 
     0 
     0 
    -1 
     0 
     0 
     0 
    -1 
    -1 
     0 
     0 
    -1 
    -1 
    -1 
     0 
     0 
     1 
    -1 
    -1 
    -1 
     0 
     0 
     0 
    -1 
    -1 
    -1 
     0 
    -1 
     0 
    -1 
  4937 
     0 
     0 
     0 
     0 
     0 
     0 
     0 
    -1 
    -1 
     0 
     0 
     0 
     0 
     0 
     0 
     0 
     0 
     0 
     0 
     0 
    -1 
     0 
     0 
     0 
     0 
    -1 
     0 
    -1 
    -1 
    -1 
     0 
     0 
     0 
     0 
     0 
     0 
     0 
     0 
    -1 
     0 
     0 
     0 
     0 
     1 
    -1 
    -1 
     0 
     0 
     0 
     0 
    -1 
    -1 
     0 
     0 
     0 
     0 
     0 
     0 
     0 
     0 
    -1 
    -1 
     0 
     0 
     0 
     0 
     0 
     0 
     0 
     0 
     0 
     0 
     0 
     0 
     0 
     0 
     0 
     0 
     0 
     1 
     0 
     0 
     0 
     0 
    -1 
     1 
     0 
     0 
    -1 
    -1 
     0 
     0 
     0 
    -1 
    -1 
    -1 
     0 
     0 
     0 
    -1 
     0 
     0 
     0 
     0 
     0 
     0 
     0 
     0 
    -1 
     0 
     0 
     0 
     0 
     0 
    -1 
    -1 
    -1 
     0 
     0 
     0 
     0 
    -1 
     0 
    -1 
    -1 
    -1 
    -1 
  7824 
     0 
     0 
     0 
     0 
     0 
     0 
     0 
    -1 
    -1 
     0 
     0 
     0 
     0 
     0 
     0 
     0 
     0 
     0 
     0 
     0 
     0 
     0 
     0 
     0 
    -1 
     0 
     0 
    -1 
    -1 
     0 
     0 
     0 
     0 
     0 
    -1 
     0 
     0 
     0 
    -1 
    -1 
    -1 
     0 
     0 
     0 
     0 
     0 
     0 
     0 
     0 
     0 
     0 
     0 
     0 
     0 
     0 
     0 
    -1 
     0 
     0 
    -1 
    -1 
     0 
     0 
     1 
     0 
     0 
    -1 
     0 
    -1 
     0 
    -1 
     0 
     0 
     0 
    -1 
     0 
     0 
     0 
     0 
     0 
    -1 
     0 
     0 
     0 
    -1 
     0 
     0 
     0 
    -1 
     0 
     0 
     0 
    -1 
    -1 
    -1 
     0 
     0 
     0 
     0 
     0 
    -1 
     0 
    -1 
    -1 
    -1 
     0 
     0 
     0 
    -1 
     0 
     0 
     0 
     0 
     0 
     0 
     0 
     0 
     0 
     0 
     0 
    -1 
     0 
     0 
     0 
    -1 
     0 
     0 
 12400 
     0 
     0 
     0 
     0 
     0 
     0 
     0 
     0 
    -1 
     0 
     0 
     0 
    -1 
     0 
    -1 
     0 
    -1 
     0 
     0 
     0 
    -1 
     0 
    -1 
     0 
    -1 
     0 
    -1 
    -1 
    -1 
     0 
    -1 
     0 
     0 
     0 
     0 
     0 
    -1 
     0 
    -1 
     0 
     0 
     0 
     0 
     0 
    -1 
     0 
    -1 
     0 
     0 
     0 
    -1 
     0 
     0 
     0 
     0 
     0 
    -1 
     0 
     0 
     0 
    -1 
     0 
    -1 
     0 
     0 
     0 
     0 
     0 
     0 
     0 
     0 
     0 
     0 
     0 
    -1 
     0 
     0 
    -1 
     0 
     0 
    -1 
     0 
     0 
     0 
    -1 
     0 
     0 
     0 
    -1 
     0 
     0 
     0 
     0 
    -1 
    -1 
     0 
     0 
     0 
     0 
    -1 
    -1 
     0 
    -1 
     0 
     0 
     0 
     0 
     0 
    -1 
     0 
     0 
     0 
     0 
     0 
     0 
     0 
    -1 
     0 
     0 
     0 
    -1 
     0 
     0 
     0 
    -1 
     0 
    -1 
