0.007332
-0.000996
-0.000198
0.002631
0.001359
0.002680
-0.003234
0.001191
0.002310
-0.000900
-0.003075
-0.000762
0.002675
-0.004299
-0.001669
-0.001592
-0.000295
0.000009
-0.006827
0.002263
0.000576
-0.003239
-0.000503
-0.000971
0.003352
-0.001352
-0.001163
0.002391
0.003078
0.000290
-0.001889
0.005495
0.001230
0.000541
0.000857
0.000267
0.005764
-0.003460
-0.000619
0.003642
-0.000922
-0.000662
-0.003227
0.001482
-0.000244
-0.003495
-0.002552
0.000058
0.001059
-0.006175
-0.000223
0.000671
-0.001547
-0.000251
-0.004213
0.004443
0.000681
-0.003377
0.002650
0.001679
0.002423
-0.001487
0.001582
0.003811
0.001525
-0.000265
-0.000388
0.006055
-0.001412
-0.001482
0.002176
-0.000568
0.002225
-0.004937
-0.000320
0.002796
-0.004172
-0.002133
-0.001585
0.001134
-0.002788
-0.003382
-0.000129
0.000284
0.000086
-0.005171
0.002870
0.001876
-0.002785
0.001570
-0.000588
0.004846
0.000046
-0.002007
0.005343
0.001756
0.000461
-0.000633
0.003406
0.002282
-0.001245
-0.000021
0.000124
0.003725
-0.004271
-0.002108
0.003081
-0.003014
-0.000630
-0.004091
0.000367
0.001152
-0.005709
-0.000761
0.000388
0.000103
-0.003426
-0.000743
0.002364
-0.000403
0.000296
-0.002149
0.005135
0.001749
-0.003208
0.004485
0.001246
0.002915
-0.000366
-0.000329
0.005528
-0.000679
-0.001140
0.000242
0.002877
-0.001128
-0.003120
0.000992
-0.000949
0.000531
-0.005393
-0.001076
0.003142
-0.005744
-0.001116
-0.001286
0.000399
-0.000203
-0.004638
0.002232
0.001591
-0.000433
-0.001895
0.002748
0.003516
-0.001702
0.001956
0.000783
0.004793
0.000403
-0.002703
0.006270
0.000184
-0.000141
-0.000281
0.000303
0.003046
-0.003606
-0.001585
0.000738
0.000728
-0.004007
-0.003048
0.002283
-0.003016
-0.001349
-0.003566
0.000298
0.002393
-0.006212
0.001143
0.001635
-0.000092
-0.000213
-0.001292
0.004543
0.001042
-0.000594
0.000664
0.004441
0.002142
-0.002730
0.003922
0.001252
0.001824
-0.000916
-0.001993
0.005636
-0.002830
-0.002592
0.000804
-0.000330
-0.000349
-0.004754
-0.000196
0.000250
-0.001633
-0.004092
-0.000905
0.003022
-0.004696
-0.000435
-0.000054
0.000944
0.001777
-0.004582
0.004412
0.002835
-0.001198
0.001220
0.001604
0.004234
-0.000781
0.000339
0.002290
0.003041
-0.000263
-0.003117
0.004823
-0.000865
-0.001836
-0.000607
-0.001829
0.003082
-0.005395
-0.002552
0.001883
-0.002151
-0.002504
-0.003193
0.001768
-0.000862
-0.002370
-0.001498
0.001398
0.002993
-0.004744
0.002431
0.002944
0.000127
0.001933
-0.001730
0.005737
0.001737
-0.002183
0.002984
0.002401
0.001786
-0.002412
0.001394
0.001742
-0.000408
-0.001924
-0.002714
0.004206
-0.003912
-0.003545
0.000961
-0.002222
0.000418
-0.005331
-0.000547
0.002466
-0.003517
-0.001672
0.000123
0.002892
-0.001767
-0.000730
0.002120
0.002008
0.002265
-0.003359
0.005072
0.003523
-0.002023
0.002650
0.000345
0.004170
-0.000696
-0.002429
0.003555
0.000370
-0.001628
-0.002832
0.002013
-0.000644
-0.003406
-0.001430
-0.001915
0.002366
-0.005615
-0.002573
0.003132
-0.003235
-0.000468
-0.002432
0.001763
0.002129
-0.003331
0.001114
0.002710
0.002453
-0.002053
0.002023
0.004094
0.000253
0.001627
-0.001535
0.005395
0.001352
-0.004107
0.003673
0.000180
0.000469
-0.002437
-0.001768
0.002775
-0.002829
-0.003179
-0.001727
0.001872
-0.003139
-0.004005
0.001089
-0.001567
0.000786
-0.004438
0.000112
0.004636
-0.003968
0.000716
0.001284
0.002548
0.001268
-0.001890
0.003891
0.002793
0.000952
-0.001577
0.003776
0.003179
-0.002683
0.001707
-0.000543
0.002843
-0.001428
-0.004592
0.004157
-0.002000
-0.002828
-0.002097
-0.000672
0.000913
-0.004515
-0.001725
-0.000028
0.001122
-0.003907
-0.001823
0.004066
-0.002052
0.000696
-0.000962
0.002343
0.004355
-0.004031
0.003125
0.003533
0.001039
0.000267
0.000211
0.004437
0.000231
-0.000655
-0.000665
0.003363
0.000165
-0.005113
0.002642
-0.001125
-0.000817
-0.002634
-0.003623
0.003709
-0.004100
-0.003474
0.000213
-0.000030
-0.000792
-0.003639
0.001450
0.001020
0.000394
-0.002270
0.001320
0.005437
-0.003102
0.001837
0.002391
0.002088
0.002693
-0.003244
0.004703
0.002794
-0.001725
-0.000094
0.001257
0.002287
-0.003099
-0.000862
-0.000207
0.000920
-0.002417
-0.005227
0.003605
-0.002588
-0.003343
-0.001010
-0.001825
0.002605
-0.004674
-0.001379
0.002796
-0.000156
-0.001193
-0.000744
0.004392
0.000418
0.000106
0.000527
0.002942
0.004512
-0.004032
0.003403
0.003526
-0.000595
0.001024
-0.002019
0.004094
-0.000266
-0.003814
0.000550
0.000685
-0.000859
-0.004824
0.000380
-0.000520
-0.001943
-0.002629
-0.003337
0.004078
-0.003832
-0.002999
0.002465
-0.000737
0.001614
-0.002889
0.001956
0.004046
-0.001000
0.000080
0.002167
0.004698
-0.001552
0.000836
0.002686
0.001554
0.002025
-0.004132
0.003954
0.001925
-0.004154
0.000704
-0.001286
0.001473
-0.003102
-0.003733
0.001442
-0.000937
-0.002844
-0.003869
0.002449
-0.001265
-0.003062
0.000083
-0.000862
0.003828
-0.003733
-0.000564
0.005429
-0.000999
0.001092
0.000048
0.003665
0.002747
-0.001660
0.001821
0.002894
0.002464
-0.003394
0.001850
0.002826
-0.002000
0.000177
-0.003375
0.002992
-0.000938
-0.006156
0.001756
-0.001303
-0.001444
-0.003646
-0.001491
0.001853
-0.002451
-0.002162
-0.000966
0.003870
-0.001910
-0.002098
0.004028
0.000108
0.002768
-0.001983
0.002112
0.006029
-0.002576
0.001401
0.002273
0.002747
-0.000014
-0.001756
0.002762
0.000850
-0.000563
-0.003968
0.002056
0.000947
-0.005451
0.000107
-0.002140
0.000748
-0.002723
-0.005202
0.003494
-0.001749
-0.002727
-0.001205
0.001385
0.001513
-0.002662
0.000777
0.001567
0.003534
-0.002031
0.000248
0.006305
-0.001115
0.001610
0.000273
0.002552
0.003726
-0.004235
0.002124
0.002315
-0.000500
-0.002330
-0.001062
0.002096
-0.002576
-0.002168
-0.002805
0.001760
-0.001172
-0.006453
0.002378
-0.001316
-0.001145
-0.001704
-0.002204
0.004544
-0.002336
-0.001475
0.002284
0.002725
0.000482
-0.001367
0.004015
0.001797
0.001836
-0.001228
0.001876
0.005721
-0.003742
0.001161
0.001720
0.000346
0.000569
-0.004634
0.002434
0.000349
-0.003679
-0.002436
0.000085
0.000518
-0.004879
-0.000891
-0.000916
0.000640
-0.001968
-0.004503
0.005192
-0.001300
-0.001756
0.001396
0.000705
0.003985
-0.002301
0.001024
0.004230
0.001622
-0.000505
0.000357
0.005226
-0.000606
0.000008
0.000008
0.001382
0.002956
-0.005890
0.001388
0.001710
-0.003160
-0.001277
-0.003229
0.001876
-0.002042
-0.004278
-0.000505
0.000803
-0.001034
-0.004601
0.002326
0.000499
-0.000683
-0.000253
-0.001102
0.006290
-0.001877
-0.001031
0.004580
0.001124
0.002213
-0.001461
0.003027
0.003451
-0.000793
-0.000797
0.001219
0.003500
-0.004038
-0.000673
0.000984
-0.001189
-0.000108
-0.006003
0.002165
0.000345
-0.005654
-0.000368
-0.001114
0.000833
-0.003168
-0.002011
0.002041
0.000564
-0.001081
-0.002126
0.005352
0.000373
-0.001262
0.002712
0.000796
0.005032
-0.002285
0.000396
0.005720
-0.000930
0.000056
-0.000266
0.002838
0.000244
-0.002925
-0.000292
0.000598
0.000580
-0.005884
0.000160
0.001182
-0.004089
-0.000668
-0.003696
0.002391
-0.000957
-0.005268
0.002517
0.000567
-0.000225
-0.001915
0.001632
0.003333
-0.000299
0.000394
0.000762
0.005848
-0.000946
-0.001086
0.005169
0.000094
0.002112
-0.002080
0.001105
0.004126
-0.004116
-0.000751
0.000507
0.000746
-0.003075
-0.003037
0.000878
-0.001358
-0.001578
-0.005028
0.001894
0.000734
-0.005559
0.001304
-0.000729
0.001786
-0.000939
-0.002600
0.005321
0.000565
-0.000607
0.000735
0.003958
0.002265
-0.001360
0.002294
0.001569
0.003652
-0.002604
-0.000477
0.005457
-0.003039
-0.000414
-0.001232
0.000347
0.000988
-0.005829
0.000058
0.000494
-0.001772
-0.004100
-0.001017
0.001749
-0.003239
-0.000990
-0.001888
0.002947
0.000309
-0.004710
0.004850
0.001005
0.000576
0.000580
0.000450
0.005665
-0.000706
-0.000245
0.002678
0.003312
-0.000501
-0.001876
0.003705
-0.000257
0.000279
-0.002951
-0.000256
0.003673
-0.006144
-0.000930
0.000171
-0.001389
-0.001414
-0.004810
0.001641
-0.000238
-0.003042
-0.002230
0.001657
0.001692
-0.003829
0.001927
0.001132
0.002332
0.000389
-0.002317
0.006969
0.000359
-0.000905
0.002523
0.001755
0.003316
-0.002421
0.000740
0.002671
0.000463
-0.002682
-0.001527
0.003585
-0.003577
-0.001815
-0.001526
-0.000759
0.001104
-0.007052
0.000688
0.001323
-0.003374
-0.001214
-0.001501
0.002957
-0.001109
-0.001743
0.001252
0.003088
0.001238
-0.003024
0.005059
0.001961
0.000422
0.001281
-0.000368
0.006310
-0.001920
-0.001629
0.003711
0.000126
-0.000326
-0.003004
0.001368
0.000375
-0.002658
-0.003019
-0.000750
0.002140
-0.006050
-0.001377
0.000772
-0.001843
0.000138
-0.004843
0.003052
0.001550
-0.003878
0.001334
0.001728
0.002643
-0.001460
0.000993
0.003637
0.002143
0.000438
-0.001404
0.006308
0.000085
-0.001817
0.002563
-0.000268
0.003007
-0.003656
-0.001199
0.003378
-0.002881
-0.002420
-0.001931
0.001340
-0.002323
-0.003628
-0.000830
-0.000304
0.000744
-0.005826
0.001323
0.002560
-0.003106
0.001159
-0.001097
0.004228
0.000980
-0.002720
0.004419
0.002614
0.000983
-0.001037
0.003186
0.002969
-0.000682
0.000294
-0.000386
0.004719
-0.002961
-0.003001
0.003592
-0.002335
-0.000515
-0.003881
-0.000595
0.001834
-0.005135
-0.001973
-0.000026
0.000730
-0.003721
-0.001751
0.002022
-0.000670
0.000521
-0.003194
0.004123
0.003049
-0.003751
0.003596
0.001565
0.002854
0.000138
-0.000850
0.005525
0.000638
-0.000932
-0.000276
0.003524
0.000047
-0.003332
0.001231
-0.000921
0.001336
-0.004613
-0.002570
0.003826
-0.004787
-0.001933
-0.001534
0.000002
0.000129
-0.004899
0.000800
0.001402
-0.000040
-0.002904
0.001720
0.003939
-0.001854
0.001643
0.000237
0.004529
0.001861
-0.003531
0.005765
0.001529
-0.000076
-0.000101
0.000286
0.003683
-0.002423
-0.001625
0.000357
0.001692
-0.003256
-0.003901
0.002478
-0.002622
-0.001248
-0.003509
-0.000938
0.003212
-0.006128
-0.000396
0.001586
-0.000166
-0.000365
-0.002004
0.003755
0.001333
-0.000383
-0.000378
0.004055
0.003405
-0.003035
0.003656
0.001717
0.002161
0.000316
-0.002708
0.005839
-0.000940
-0.002724
0.000557
0.000107
0.000348
-0.004489
-0.000748
