0.000000
-0.000225
-0.002216
0.005959
-0.000370
-0.001370
0.002914
0.002828
0.001968
-0.001631
0.002996
0.002433
0.001427
-0.001641
-0.000035
0.005273
-0.003955
-0.000865
0.000608
-0.000820
0.000600
-0.005985
0.000879
0.000864
-0.004034
-0.002455
-0.000738
0.001473
-0.003637
-0.001332
0.000143
0.001603
-0.000031
-0.004081
0.005479
0.001004
-0.001140
0.002097
0.000581
0.005322
-0.001433
-0.000239
0.004572
0.001398
-0.000468
-0.001188
0.003781
-0.000273
-0.001497
-0.001239
-0.000216
0.002630
-0.006485
-0.000648
0.001531
-0.003385
-0.001100
-0.004072
0.001897
-0.000367
-0.004420
0.000126
0.001427
0.000836
-0.003415
0.002083
0.002382
0.000592
0.000758
-0.001219
0.006770
-0.000101
-0.001747
0.004456
0.000864
0.002450
-0.002152
0.000824
0.003604
-0.001810
-0.001960
-0.000491
0.002626
-0.003759
-0.002637
0.000241
-0.001522
0.000132
-0.006264
0.001064
0.001783
-0.005124
0.000073
-0.000742
0.002122
-0.001033
-0.002275
0.003315
0.001971
0.000228
-0.001582
0.004983
0.002224
-0.001131
0.002390
0.000409
0.005048
-0.002018
-0.001667
0.005276
-0.001518
-0.000751
-0.001787
0.000946
0.000681
-0.004339
-0.001459
-0.000107
0.000499
-0.005526
-0.001239
0.001937
-0.003226
-0.000294
-0.003335
0.002741
0.001457
-0.004895
0.003181
0.001769
0.001187
-0.000575
0.000880
0.004672
0.000524
0.000165
0.000398
0.005285
-0.000110
-0.002537
0.003895
-0.000461
0.001434
-0.003054
-0.001225
0.004065
-0.004722
-0.002145
-0.000416
-0.000014
-0.002118
-0.004239
0.000656
-0.000404
-0.000921
-0.004307
0.001542
0.002847
-0.004297
0.001712
0.000317
0.002858
0.001046
-0.002952
0.005828
0.001833
-0.000396
0.000707
0.002806
0.003115
-0.001858
0.000795
0.000956
0.002779
-0.002758
-0.002841
0.004377
-0.003215
-0.001606
-0.002151
-0.000982
0.001773
-0.006264
-0.000921
0.001112
-0.001370
-0.002823
-0.001507
0.002856
-0.001279
-0.000484
-0.000990
0.003498
0.002555
-0.004143
0.004675
0.002217
0.001028
0.001070
-0.000755
0.005925
-0.000390
-0.001606
0.001872
0.002178
-0.000279
-0.003465
0.001781
-0.000417
-0.000722
-0.003590
-0.002076
0.003660
-0.005803
-0.002064
0.000331
-0.001317
0.000091
-0.004853
0.001821
0.001795
-0.002112
-0.001009
0.001905
0.003578
-0.002223
0.001581
0.002038
0.002987
0.001531
-0.003038
0.006370
0.001211
-0.001703
0.001694
0.000098
0.003231
-0.003073
-0.001652
0.002037
-0.000449
-0.003058
-0.003187
0.002539
-0.002793
-0.002718
-0.001771
-0.001057
0.002410
-0.006251
0.000142
0.002859
-0.002147
0.000214
-0.001347
0.003881
0.001210
-0.001655
0.001904
0.003515
0.002379
-0.002688
0.003825
0.002648
0.000145
0.000777
-0.001907
0.005453
-0.001697
-0.003612
0.002602
-0.000957
-0.000462
-0.004070
-0.000558
0.001030
-0.003065
-0.003186
-0.001328
0.002658
-0.004483
-0.001860
0.001613
-0.000776
0.001634
-0.004107
0.003117
0.003848
-0.002983
0.001972
0.001870
0.003584
-0.000177
-0.000272
0.003700
0.002129
0.000252
-0.002472
0.004640
0.000528
-0.003200
0.001084
-0.001647
0.002450
-0.004089
-0.003551
0.003225
-0.003048
-0.002632
-0.002501
0.000854
-0.000484
-0.003680
-0.000541
0.000621
0.002183
-0.004266
0.001066
0.004347
-0.001668
0.001943
-0.000775
0.004389
0.002808
-0.003285
0.003961
0.002625
0.001015
-0.001345
0.001103
0.003005
-0.001283
-0.001102
-0.001861
0.003427
-0.002588
-0.004867
0.002442
-0.002462
-0.000624
-0.003919
-0.001787
0.003154
-0.004516
-0.001873
0.000599
0.001559
-0.001479
-0.001801
0.003002
0.001079
0.001581
-0.002280
0.003715
0.004697
-0.003278
0.003099
0.001508
0.002733
0.000707
-0.002854
0.004586
0.000543
-0.002039
-0.001462
0.001549
0.000300
-0.004300
-0.000532
-0.001408
0.001034
-0.004198
-0.003906
0.004035
-0.003721
-0.001741
-0.001023
0.000203
0.002440
-0.004137
0.001087
0.003033
0.001079
-0.001311
0.001208
0.004942
-0.000454
0.001385
0.000084
0.003911
0.002681
-0.004585
0.004197
0.001310
-0.000916
-0.000751
-0.001983
0.003235
-0.002685
-0.003395
-0.000492
0.000821
-0.002430
-0.004823
0.001711
-0.001525
-0.000876
-0.002874
-0.001292
0.004833
-0.004419
-0.000335
0.002746
0.000815
0.001561
-0.002032
0.003926
0.003055
-0.000176
-0.000182
0.003123
0.003986
-0.003019
0.001805
0.001208
0.001252
0.000040
-0.004741
0.004327
-0.000960
-0.004144
-0.000371
-0.001244
0.000739
-0.004555
-0.002078
0.000786
-0.000478
-0.003146
-0.002612
0.004145
-0.002173
-0.001040
0.000680
0.000802
0.004335
-0.003918
0.002289
0.004872
-0.000503
0.001080
0.000417
0.004439
0.000651
-0.001210
0.001026
0.002485
0.000991
-0.004892
0.002560
0.000430
-0.002588
-0.001043
-0.003694
0.003246
-0.003359
-0.004817
0.001644
-0.001084
-0.001234
-0.003589
0.000958
0.001354
-0.001354
-0.001255
0.000543
0.005133
-0.002888
0.000478
0.004142
0.000609
0.002942
-0.002416
0.003929
0.004015
-0.002837
0.001240
0.001574
0.002162
-0.002444
-0.001180
0.001398
-0.000324
-0.001669
-0.004837
0.003086
-0.001477
-0.005081
0.000442
-0.002220
0.001558
-0.003852
-0.002642
0.003850
-0.001501
-0.001390
-0.000427
0.003528
0.000709
-0.001151
0.001964
0.002144
0.004075
-0.003109
0.002343
0.005261
-0.001928
0.001661
-0.000807
0.003108
0.000985
-0.004485
0.001799
0.000736
-0.001285
-0.004011
-0.000023
0.000665
-0.003368
-0.001853
-0.003006
0.002938
-0.002876
-0.004685
0.003583
-0.001362
0.000276
-0.001809
0.000621
0.004614
-0.002059
0.000248
0.002645
0.003809
-0.000755
-0.000040
0.004288
0.000827
0.001845
-0.002590
0.002936
0.003501
-0.005103
0.001369
-0.000034
0.000171
-0.001852
-0.004205
0.002212
-0.001357
-0.003390
-0.002973
0.001484
-0.000595
-0.004571
0.000762
-0.000822
0.002113
-0.002477
-0.001971
0.006208
-0.001664
0.000093
0.001520
0.002459
0.003325
-0.002212
0.002367
0.003373
0.001675
-0.002028
0.001109
0.004187
-0.002629
0.000139
-0.001577
0.001549
0.000424
-0.006693
0.002173
-0.000408
-0.002966
-0.002315
-0.002133
0.002040
-0.003075
-0.002592
-0.000177
0.002286
-0.001387
-0.003236
0.004437
0.000071
0.001058
-0.000292
0.000811
0.006471
-0.002777
0.000883
0.003917
0.001444
0.000845
-0.001712
0.003338
0.001190
-0.001221
-0.002209
0.001363
0.001929
-0.005859
0.000232
-0.000630
-0.001091
-0.001467
-0.005587
0.003336
-0.001392
-0.004212
-0.000010
0.000304
0.001274
-0.003101
0.000572
0.002237
0.001812
-0.001021
-0.000546
0.006638
-0.000983
0.000344
0.002372
0.001391
0.004210
-0.003716
0.001805
0.003817
-0.001711
-0.001108
-0.000797
0.002407
-0.002363
-0.002664
-0.001167
0.000409
-0.000619
-0.006642
0.002031
-0.000223
-0.003344
-0.000574
-0.002602
0.003818
-0.002010
-0.002828
0.003386
0.001427
0.000358
-0.001392
0.003850
0.002411
0.000394
0.000379
0.001312
0.005884
-0.003162
0.000256
0.003858
-0.000847
0.001064
-0.003591
0.001935
0.001452
-0.004686
-0.001215
-0.000028
0.000253
-0.004759
-0.001516
0.000368
-0.001216
-0.001373
-0.004522
0.004142
-0.000402
-0.003853
0.002616
0.000116
0.003049
-0.001567
0.000032
0.005354
0.000529
-0.000137
0.000785
0.004928
0.000146
-0.000983
0.001968
0.000763
0.002828
-0.004766
0.000596
0.003367
-0.004407
-0.000724
-0.002265
0.000947
-0.001328
-0.005254
0.000486
0.000114
-0.001517
-0.004338
0.001441
0.001343
-0.002517
0.000426
-0.001135
0.004892
-0.000762
-0.002527
0.005887
0.000660
0.001358
-0.000168
0.002177
0.004395
-0.001617
0.000088
0.001792
0.003116
-0.002943
-0.001397
0.002788
-0.001991
-0.000228
-0.004470
0.000830
0.001529
-0.006777
0.000047
-0.000472
-0.000644
-0.002412
-0.002930
0.002634
-0.000426
-0.001549
-0.001511
0.004071
0.001151
-0.002760
0.003653
0.000997
0.003556
-0.000748
-0.000596
0.006912
-0.001240
-0.000256
0.001355
0.001983
0.001130
-0.003328
0.000836
0.000822
-0.000154
-0.004605
-0.000672
0.002469
-0.005113
-0.001028
-0.002295
0.000492
-0.000066
-0.006267
0.002666
0.000714
-0.001849
-0.000974
0.000671
0.003552
-0.001241
0.000261
0.001548
0.004440
0.000076
-0.002003
0.006110
0.000321
0.000900
-0.000071
0.000303
0.004965
-0.004025
-0.000844
0.002048
-0.000418
-0.002140
-0.003253
0.001566
-0.001506
-0.002390
-0.003599
0.000497
0.001483
-0.006470
0.000978
0.000395
-0.000471
-0.000049
-0.003252
0.005030
0.000651
-0.001930
0.001920
0.003007
0.002482
-0.001757
0.002687
0.002510
0.002236
-0.000909
-0.001040
0.006137
-0.002606
-0.001376
0.001070
-0.000668
0.001451
-0.005460
-0.000197
0.001530
-0.003238
-0.003117
-0.001379
0.001784
-0.003593
-0.001876
-0.000600
0.001052
0.000788
-0.005189
0.004232
0.001889
-0.001647
0.001725
0.000102
0.005204
-0.000404
-0.000934
0.004110
0.002464
0.000153
-0.001653
0.004065
0.000606
-0.001007
-0.000868
-0.000806
0.003816
-0.005524
-0.001873
0.002127
-0.002931
-0.001120
-0.004282
0.001013
0.000264
-0.004358
-0.001184
0.000961
0.001400
-0.004028
0.001059
0.002293
0.000358
0.001117
-0.002290
0.006210
0.001369
-0.002451
0.004065
0.001424
0.002843
-0.001490
0.000346
0.003924
-0.000464
-0.001747
-0.001087
0.003506
-0.002799
-0.003030
0.000412
-0.001688
0.000907
-0.006132
-0.000514
0.002588
-0.004914
-0.000973
-0.001137
0.001723
-0.000778
-0.002882
0.002153
0.002051
0.000790
-0.002613
0.004277
0.003099
-0.001328
0.002433
0.000067
0.005278
-0.000489
-0.002539
0.005319
-0.000127
-0.000536
-0.001650
0.000949
0.001421
-0.003548
-0.001809
-0.000580
0.001535
-0.005204
-0.002510
0.002249
-0.003230
-0.000449
-0.003782
0.001408
0.002342
-0.005203
0.001640
0.001879
0.001269
-0.000831
0.000189
0.004375
0.001059
0.000517
-0.000492
0.005394
0.001406
-0.003030
0.003947
0.000174
0.001901
-0.002026
-0.002056
0.004586
-0.003254
-0.002660
-0.000640
0.000449
-0.001650
-0.004469
0.000065
-0.000628
-0.000304
-0.004802
-0.000027
0.003555
-0.004464
0.000695
0.000038
0.002186
0.001756
-0.003582
0.004632
0.002752
-0.000126
0.000114
0.002693
0.003808
-0.001359
0.000913
0.000692
0.003528
-0.001328
-0.003755
0.004695
-0.001975
-0.001695
-0.001821
-0.001518
0.002377
-0.005485
-0.002160
0.000889
-0.000744
-0.003127
-0.002521
0.002586
-0.001333
-0.000591
-0.001802
0.002367
0.003624
-0.004609
0.003402
0.002788
0.000965
0.001402
-0.001191
0.005623
0.001019
-0.001507
0.001309
0.002878
