0.148205
0.038243
-0.044372
-0.038101
-0.059493
-0.038187
-0.044397
0.038143
0.148169
0.038177
-0.044312
-0.038183
-0.059510
-0.038187
-0.044347
0.038161
0.148191
0.038098
-0.044334
-0.038154
-0.059493
-0.038134
-0.044325
0.038146
0.148224
0.038206
-0.044375
-0.038085
-0.059504
-0.038104
-0.044353
0.038140
0.148254
0.038122
-0.044342
-0.038116
-0.059471
-0.038134
-0.044386
0.038065
0.148153
0.038130
-0.044363
-0.038177
-0.059475
-0.038058
-0.044357
0.038042
0.148181
0.038138
-0.044428
-0.038185
-0.059520
-0.038087
-0.044353
0.038090
0.148205
0.038209
-0.044345
-0.038101
-0.059454
-0.038138
-0.044409
0.038212
0.148192
0.038090
-0.044296
-0.038034
-0.059469
-0.038172
-0.044288
0.038138
0.148177
0.038185
-0.044396
-0.038117
-0.059472
-0.038091
-0.044385
0.038191
0.148225
0.038137
-0.044378
-0.038141
-0.059521
-0.038171
-0.044394
0.038175
0.148218
0.038124
-0.044390
-0.038166
-0.059436
-0.038141
-0.044303
0.038230
0.148241
0.038090
-0.044354
-0.038128
-0.059416
-0.038147
-0.044361
0.038227
0.148181
0.038147
-0.044359
-0.038121
-0.059509
-0.038107
-0.044390
0.038122
0.148226
0.038134
-0.044349
-0.038147
-0.059483
-0.038191
-0.044419
0.038142
0.148202
0.038166
-0.044370
-0.038155
-0.059444
-0.038157
-0.044413
0.038185
0.148174
0.038220
-0.044357
-0.038160
-0.059517
-0.038116
-0.044320
0.038070
0.148263
0.038070
-0.044358
-0.038142
-0.059506
-0.038163
-0.044376
0.038143
0.148201
0.038169
-0.044347
-0.038087
-0.059474
-0.038146
-0.044364
0.038147
0.148186
0.038134
-0.044320
-0.038188
-0.059500
-0.038079
-0.044349
0.038177
0.148159
0.038154
-0.044354
-0.038131
-0.059483
-0.038154
-0.044324
0.038166
0.148197
0.038074
-0.044449
-0.038140
-0.059485
-0.038161
-0.044419
0.038132
0.148161
0.038120
-0.044237
-0.038120
-0.059517
-0.038204
-0.044299
0.038074
0.148157
0.038129
-0.044338
-0.038164
-0.059512
-0.038194
-0.044303
0.038119
0.148112
0.038144
-0.044285
-0.038120
-0.059473
-0.038106
-0.044351
0.038158
0.148224
0.038188
-0.044422
-0.038233
-0.059437
-0.038185
-0.044409
0.038118
0.148157
0.038185
-0.044415
-0.038083
-0.059436
-0.038105
-0.044363
0.038178
0.148174
0.038141
-0.044339
-0.038177
-0.059532
-0.038137
-0.044310
0.038117
0.148144
0.038096
-0.044411
-0.038130
-0.059416
-0.038154
-0.044417
0.038175
0.148230
0.038157
-0.044353
-0.038163
-0.059548
-0.038097
-0.044393
0.038140
0.148176
0.038167
-0.044393
-0.038120
-0.059398
-0.038099
-0.044339
0.038124
0.148193
0.038116
-0.044357
-0.038141
-0.059437
-0.038163
-0.044350
0.038178
0.148174
0.038186
-0.044383
-0.038060
-0.059507
-0.038169
-0.044375
0.038025
0.148199
0.038197
-0.044317
-0.038178
-0.059475
-0.038137
-0.044389
0.038108
0.148181
0.038080
-0.044347
-0.038097
-0.059516
-0.038103
-0.044416
0.038169
0.148258
0.038101
-0.044388
-0.038111
-0.059447
-0.038134
-0.044416
0.038135
0.148177
0.038125
-0.044281
-0.038102
-0.059466
-0.038261
-0.044415
0.038172
0.148111
0.038179
-0.044382
-0.038205
-0.059444
-0.038158
-0.044328
0.038134
0.148260
0.038130
-0.044486
-0.038229
-0.059470
-0.038049
-0.044280
0.038157
0.148166
0.038190
-0.044377
-0.038074
-0.059434
-0.038068
-0.044355
0.038171
0.148250
0.038175
-0.044370
-0.038277
-0.059453
-0.038136
-0.044245
0.038196
0.148292
0.038145
-0.044391
-0.038117
-0.059497
-0.038059
-0.044378
0.038142
0.148194
0.038094
-0.044400
-0.038112
-0.059455
-0.038112
-0.044319
0.038126
0.148212
0.038152
-0.044366
-0.038196
-0.059473
-0.038144
-0.044351
0.038154
0.148209
0.038063
-0.044341
-0.038121
-0.059496
-0.038173
-0.044345
0.038096
0.148193
0.038145
-0.044331
-0.038185
-0.059436
-0.038208
-0.044346
0.038098
0.148255
0.038186
-0.044346
-0.038148
-0.059455
-0.038183
-0.044391
0.038082
0.148234
0.038113
-0.044356
-0.038227
-0.059475
-0.038113
-0.044305
0.038091
0.148177
0.038137
-0.044347
-0.038235
-0.059408
-0.038181
-0.044346
0.038148
0.148098
0.038064
-0.044382
-0.038065
-0.059452
-0.038189
-0.044339
0.038166
0.148193
0.038049
-0.044341
-0.038134
-0.059434
-0.038229
-0.044399
0.038144
0.148112
0.038118
-0.044395
-0.038023
-0.059429
-0.038085
-0.044332
0.038199
0.148133
0.038089
-0.044422
-0.038140
-0.059514
-0.038114
-0.044404
0.038151
0.148202
0.038128
-0.044376
-0.038126
-0.059401
-0.038152
-0.044309
0.038152
0.148161
0.038153
-0.044415
-0.038238
-0.059449
-0.038032
-0.044329
0.038181
0.148190
0.038215
-0.044337
-0.038053
-0.059468
-0.038114
-0.044353
0.038188
0.148208
0.038160
-0.044346
-0.038077
-0.059477
-0.038119
-0.044427
0.038088
0.148222
0.038228
-0.044373
-0.038130
-0.059488
-0.038108
-0.044353
0.038158
0.148211
0.038125
-0.044284
-0.038074
-0.059503
-0.038198
-0.044319
0.038129
0.148183
0.038089
-0.044339
-0.038112
-0.059423
-0.038205
-0.044312
0.038031
0.148242
0.038230
-0.044324
-0.038114
-0.059434
-0.038142
-0.044346
0.038130
0.148181
0.038093
-0.044347
-0.038111
-0.059457
-0.038070
-0.044330
0.038174
0.148139
0.038065
-0.044383
-0.038153
-0.059480
-0.038155
-0.044320
0.038142
0.148169
0.038133
-0.044410
-0.038112
-0.059481
-0.038160
-0.044356
0.038077
0.148149
0.038096
-0.044416
-0.038133
-0.059515
-0.038144
-0.044357
0.038132
0.148216
0.038037
-0.044385
-0.038103
-0.059478
-0.038052
-0.044391
0.038149
0.148240
0.038089
-0.044391
-0.038130
-0.059497
-0.038163
-0.044373
0.038139
0.148189
0.038107
-0.044447
-0.038100
-0.059492
-0.038222
-0.044482
0.038079
0.148083
0.038073
-0.044417
-0.038138
-0.059511
-0.038080
-0.044392
0.038111
0.148221
0.038172
-0.044330
-0.038184
-0.059469
-0.038239
-0.044343
0.038094
0.148158
0.038192
-0.044325
-0.038143
-0.059448
-0.038116
-0.044378
0.038142
0.148216
0.038160
-0.044343
-0.038110
-0.059522
-0.038198
-0.044365
0.038128
0.148174
0.038209
-0.044366
-0.038187
-0.059523
-0.038187
-0.044335
0.038150
0.148201
0.038162
-0.044456
-0.038029
-0.059405
-0.038108
-0.044417
0.038129
0.148164
0.038109
-0.044382
-0.038107
-0.059466
-0.038226
-0.044385
0.038102
0.148135
0.038146
-0.044309
-0.038139
-0.059540
-0.038117
-0.044382
0.038158
0.148123
0.038219
-0.044332
-0.038147
-0.059454
-0.038161
-0.044375
0.038196
0.148215
0.038159
-0.044392
-0.038030
-0.059476
-0.038185
-0.044351
0.038201
0.148151
0.038152
-0.044385
-0.038113
-0.059527
-0.038157
-0.044358
0.038130
0.148198
0.038214
-0.044350
-0.038192
-0.059495
-0.038209
-0.044313
0.038206
0.148176
0.038122
-0.044341
-0.038106
-0.059445
-0.038116
-0.044387
0.038103
0.148188
0.038128
-0.044455
-0.038070
-0.059516
-0.038155
-0.044392
0.038138
0.148172
0.038139
-0.044437
-0.038043
-0.059448
-0.038211
-0.044420
0.038168
0.148232
0.038145
-0.044401
-0.038079
-0.059449
-0.038143
-0.044382
0.038134
0.148242
0.038229
-0.044318
-0.038179
-0.059481
-0.038231
-0.044330
0.038125
0.148184
0.038075
-0.044392
-0.038108
-0.059383
-0.038169
-0.044381
0.038201
0.148240
0.038160
-0.044320
-0.038134
-0.059462
-0.038148
-0.044263
0.038114
0.148190
0.038124
-0.044319
-0.038136
-0.059524
-0.038099
-0.044335
0.038168
0.148246
0.038125
-0.044356
-0.038166
-0.059555
-0.038076
-0.044385
0.038108
0.148164
0.038068
-0.044369
-0.038111
-0.059508
-0.038192
-0.044335
0.038154
0.148207
0.038132
-0.044244
-0.038154
-0.059428
-0.038097
-0.044367
0.038096
0.148124
0.038080
-0.044353
-0.038090
-0.059401
-0.038139
-0.044349
0.038237
0.148169
0.038157
-0.044401
-0.038132
-0.059426
-0.038107
-0.044307
0.038007
0.148190
0.038170
-0.044385
-0.038188
-0.059437
-0.038141
-0.044415
0.038036
0.148158
0.038118
-0.044334
-0.038159
-0.059512
-0.038191
-0.044398
0.038147
0.148214
0.038128
-0.044439
-0.038141
-0.059512
-0.038108
-0.044356
0.038180
0.148158
0.038170
-0.044381
-0.038188
-0.059467
-0.038052
-0.044342
0.038192
0.148247
0.038193
-0.044352
-0.038137
-0.059550
-0.038100
-0.044374
0.038158
0.148133
0.038118
-0.044306
-0.038126
-0.059502
-0.038152
-0.044408
0.038136
0.148219
0.038121
-0.044351
-0.038121
-0.059570
-0.038119
-0.044415
0.038155
0.148222
0.038139
-0.044446
-0.038140
-0.059445
-0.038171
-0.044287
0.038134
0.148188
0.038116
-0.044309
-0.038153
-0.059467
-0.038151
-0.044383
0.038099
0.148207
0.038152
-0.044342
-0.038131
-0.059467
-0.038099
-0.044395
0.038186
0.148132
0.038144
-0.044344
-0.038184
-0.059493
-0.038218
-0.044286
0.038301
0.148298
0.038139
-0.044355
-0.038134
-0.059509
-0.038138
-0.044369
0.038128
0.148204
0.038199
-0.044322
-0.038159
-0.059473
-0.038096
-0.044330
0.038118
0.148176
0.038128
-0.044407
-0.038144
-0.059445
-0.038190
-0.044321
0.038160
0.148151
0.038114
-0.044339
-0.038141
-0.059462
-0.038156
-0.044364
0.038125
0.148265
0.038112
-0.044429
-0.038128
-0.059474
-0.038133
-0.044332
0.038122
0.148165
0.038164
-0.044375
-0.038155
-0.059500
-0.038131
-0.044457
0.038121
0.148152
0.038195
-0.044366
-0.038184
-0.059476
-0.038153
-0.044393
0.038158
0.148244
0.038193
-0.044390
-0.038146
-0.059470
-0.038126
-0.044311
0.038227
0.148199
0.038096
-0.044424
-0.038115
-0.059469
-0.038159
-0.044364
0.038114
0.148230
0.038131
-0.044386
-0.038144
-0.059501
-0.038113
-0.044302
0.038217
0.148257
0.038153
-0.044372
-0.038095
-0.059507
-0.038098
-0.044375
0.038171
0.148270
0.038125
-0.044356
-0.038121
-0.059439
-0.038129
-0.044371
0.038123
0.148148
0.038164
-0.044389
-0.038126
-0.059407
-0.038126
-0.044307
0.038131
0.148183
0.038078
-0.044332
-0.038181
-0.059459
-0.038163
-0.044390
0.038113
0.148177
0.038146
-0.044425
-0.038190
-0.059481
-0.038127
-0.044378
0.038115
0.148243
0.038064
-0.044434
-0.038132
-0.059420
-0.038132
-0.044318
0.038141
0.148189
0.038089
-0.044348
-0.038135
-0.059483
-0.038120
-0.044339
0.038203
0.148130
0.038111
-0.044380
-0.038149
-0.059523
-0.038148
-0.044418
0.038127
0.148209
0.038186
-0.044312
-0.038125
-0.059485
-0.038134
-0.044384
0.038183
0.148268
0.038143
-0.044352
-0.038114
-0.059506
-0.038156
-0.044364
0.038148
0.148209
0.038136
-0.044445
-0.038164
-0.059489
-0.038155
-0.044374
0.038097
0.148231
0.038041
-0.044365
-0.038174
-0.059498
-0.038104
-0.044314
0.038191
0.148234
0.038168
-0.044362
-0.038178
-0.059461
-0.038114
-0.044312
0.038187
0.148235
0.038109
-0.044245
-0.038115
-0.059511
-0.038077
-0.044339
0.038110
