0
22
31
-50
-15
38
16
-45
25
-10
3
4
-3
4
-2
-24
20
43
-61
-6
29
24
-27
-16
-10
54
-9
-50
26
16
-13
-4
15
-24
21
-18
21
6
-35
-7
58
-11
-49
18
13
28
-32
-25
22
43
-51
4
18
-13
5
5
-3
-6
-3
-9
53
-40
-32
32
37
-36
-15
-1
28
21
-56
7
32
-5
-27
32
-24
5
4
3
8
-20
-20
41
24
-69
12
26
17
-26
-18
2
50
-28
-31
35
-7
-9
9
8
-25
15
-15
36
-10
-45
16
54
-29
-37
21
10
27
-41
-13
29
19
-45
25
2
-19
15
6
0
-13
-10
11
49
-62
-15
41
21
-34
-11
0
32
6
-52
27
14
-15
-6
29
-35
9
3
12
6
-37
-4
53
1
-66
28
17
15
-26
-17
13
37
-38
-6
31
-27
4
16
1
-25
9
-6
45
-32
-42
37
39
-38
-23
19
9
23
-46
4
26
-2
-29
37
-18
-18
23
5
2
-24
-8
31
34
-74
7
38
7
-27
-9
3
31
-9
-37
38
-10
-13
14
19
-41
12
4
22
-5
-47
18
52
-21
-52
36
5
15
-27
-11
20
19
-36
17
15
-39
21
16
-4
-26
5
7
45
-53
-27
50
18
-37
-10
14
9
17
-45
21
12
-16
-5
37
-37
-10
27
5
1
-36
2
44
11
-73
29
26
-1
-19
-8
7
24
-19
-16
38
-34
0
26
5
-42
15
6
29
-20
-47
39
38
-35
-32
36
-5
17
-29
-1
19
-1
-23
33
-8
-39
36
11
-7
-29
4
22
34
-67
-4
50
-2
-28
-2
9
9
9
-36
33
-10
-17
18
26
-49
2
27
7
-3
-45
18
45
-12
-61
43
9
-2
-12
-8
10
13
-20
6
25
-50
21
29
-8
-38
16
11
31
-38
-36
54
17
-37
-13
28
-11
20
-29
10
10
-15
-2
37
-31
-30
47
3
-8
-33
9
33
16
-70
20
39
-15
-13
0
4
7
3
-22
35
-33
-6
35
8
-52
13
24
9
-11
-47
37
35
-29
-39
46
-9
4
-8
-6
10
-1
-11
23
3
-54
42
21
-18
-33
16
18
26
-51
-17
58
-7
-28
2
16
-13
21
-26
19
-6
-19
22
27
-49
-13
49
-4
-7
-37
19
36
-4
-61
38
18
-19
2
-3
1
3
0
-5
27
-51
15
41
-12
-47
21
21
10
-21
-41
52
16
-34
-16
38
-22
14
-6
-4
6
-12
5
29
-22
-46
59
8
-20
-28
16
24
14
-57
6
49
-25
-10
7
3
-11
21
-19
23
-26
-11
42
8
-56
5
45
-9
-7
-39
31
31
-21
-41
46
-5
-13
13
-9
0
-2
4
10
9
-59
40
34
-27
-36
24
19
10
-31
-27
58
-8
-27
4
22
-28
24
-7
0
-3
-17
26
23
-43
-28
66
-8
-17
-25
18
27
0
-51
25
29
-33
11
3
-7
-8
20
-10
19
-43
7
51
-15
-51
20
35
-11
-8
-37
43
16
-29
-17
40
-25
1
18
-15
-2
-8
15
18
-13
-54
60
18
-34
-23
22
18
6
-36
-9
53
-28
-9
13
2
-26
32
-8
2
-16
-14
45
7
-53
-5
62
-21
-11
-24
23
24
-14
-36
36
4
-29
30
-8
-13
-5
21
-1
8
-53
30
47
-35
-37
27
24
-10
-11
-30
49
-4
-25
5
23
-35
19
17
-19
-4
-12
29
16
-34
-38
72
-3
-32
-12
18
18
-1
-34
8
37
-40
15
11
-15
-18
36
-7
2
-29
-1
55
-16
-51
15
49
-27
-3
-25
28
16
-22
-15
34
-19
-13
40
-21
-13
-3
25
6
-9
-52
52
31
-46
-18
26
15
-7
-13
-20
47
-23
-9
18
0
-35
34
11
-21
-8
-11
44
4
-47
-15
71
-23
-21
-6
14
17
-9
-25
19
14
-38
38
-2
-25
-7
36
-6
-3
-38
17
55
-38
-37
27
32
-27
3
-24
32
3
-21
6
19
-34
8
40
-34
-9
-3
31
6
-26
-40
67
8
-46
-1
18
10
-5
-13
-9
37
-36
14
19
-22
-25
44
3
-21
-13
-5
54
-16
-48
8
58
-35
-6
-6
11
14
-14
-10
20
-10
-25
53
-21
-27
3
34
-4
-11
-40
37
42
-53
-16
29
15
-20
7
-23
32
-12
-10
21
-3
-37
30
31
-41
-5
-3
39
-1
-38
-20
69
-16
-34
11
7
8
-5
-9
0
19
-38
38
7
-37
-9
46
-5
-20
-18
6
56
-36
-37
24
37
-38
9
-11
9
9
-15
7
10
-27
-3
57
-40
-20
9
33
-3
-22
-33
52
21
-56
7
20
3
-11
8
-20
27
-23
9
25
-27
-28
46
17
-43
-1
-2
46
-14
-42
2
59
-33
-15
14
-5
10
-5
-2
3
-1
-29
56
-14
-42
8
42
-9
-20
-20
20
48
-52
-16
29
15
-30
20
-17
9
2
-9
21
-9
-33
22
49
-54
-9
10
32
-5
-30
-19
57
-3
-46
24
3
-1
-2
8
-16
17
-28
31
16
-46
-9
51
2
-39
1
1
49
-29
-34
20
38
-40
7
8
-13
12
-5
8
-2
-17
-10
64
-38
-35
21
33
-11
-22
-18
32
32
-58
8
21
-3
-16
24
-23
8
-5
4
26
-31
-27
42
31
-60
4
8
32
-11
-34
-1
51
-23
-26
31
-16
2
5
8
-15
4
-23
49
-3
-54
12
47
-10
-32
