169
23
-32
-56
-48
-55
-31
28
169
26
-32
-51
-47
-53
-31
25
166
26
-31
-57
-45
-54
-29
22
168
24
-29
-51
-46
-53
-31
24
169
25
-28
-51
-45
-50
-33
24
171
25
-33
-57
-49
-51
-29
26
166
22
-30
-57
-50
-53
-28
25
167
22
-29
-54
-46
-55
-32
23
168
28
-30
-49
-50
-53
-34
23
170
24
-34
-55
-50
-53
-31
25
167
26
-33
-53
-48
-53
-32
24
164
25
-30
-54
-49
-53
-34
26
169
25
-31
-55
-48
-52
-29
26
169
27
-33
-54
-46
-51
-35
23
170
24
-31
-55
-47
-53
-31
23
167
24
-31
-55
-48
-57
-31
23
165
24
-30
-53
-46
-53
-31
27
166
25
-32
-55
-45
-53
-33
25
167
22
-29
-53
-46
-55
-33
27
169
23
-34
-55
-47
-52
-33
26
169
26
-31
-56
-47
-52
-32
23
170
23
-31
-57
-48
-54
-30
23
168
27
-30
-56
-49
-57
-28
25
171
28
-30
-53
-47
-54
-30
23
169
26
-30
-56
-47
-54
-31
26
168
25
-32
-54
-44
-54
-29
25
168
26
-31
-54
-44
-55
-32
24
166
27
-32
-53
-49
-57
-31
22
169
25
-33
-53
-46
-55
-32
26
169
25
-32
-56
-47
-54
-34
24
166
25
-33
-52
-48
-56
-30
29
169
24
-30
-56
-46
-52
-34
24
165
23
-30
-53
-48
-55
-32
24
168
23
-32
-57
-44
-50
-31
25
170
27
-32
-52
-49
-52
-31
25
171
26
-32
-53
-48
-54
-29
27
167
24
-31
-52
-49
-57
-28
26
167
25
-31
-54
-46
-55
-30
23
168
26
-31
-56
-45
-55
-33
24
168
23
-33
-52
-47
-55
-34
27
167
26
-35
-56
-47
-56
-32
24
170
25
-30
-54
-45
-56
-32
26
165
25
-32
-53
-47
-53
-29
26
166
27
-31
-52
-46
-54
-31
23
168
27
-31
-55
-45
-55
-30
25
170
25
-30
-51
-47
-57
-32
23
168
24
-29
-54
-47
-54
-31
26
168
24
-29
-56
-47
-56
-31
24
169
25
-33
-57
-48
-52
-33
27
167
25
-31
-56
-46
-52
-31
26
166
23
-32
-51
-47
-53
-30
23
168
22
-32
-52
-46
-54
-31
25
166
24
-32
-57
-46
-57
-34
22
169
24
-34
-53
-51
-55
-29
27
170
26
-34
-52
-47
-50
-32
25
170
23
-31
-55
-47
-55
-31
25
169
27
-33
-55
-47
-55
-30
25
166
25
-33
-51
-48
-52
-32
25
165
24
-32
-59
-48
-55
-32
24
170
23
-31
-55
-47
-56
-31
28
169
23
-32
-56
-48
-53
-32
24
169
23
-31
-52
-48
-53
-31
26
168
24
-35
-53
-44
-53
-30
27
168
27
-33
-54
-44
-52
-29
24
169
28
-28
-55
-49
-52
-32
27
171
25
-33
-52
-47
-52
-32
25
167
23
-30
-53
-49
-54
-31
26
170
24
-31
-54
-47
-53
-32
24
169
26
-31
-53
-47
-55
-28
24
169
23
-30
-53
-46
-52
-30
23
171
25
-29
-54
-45
-54
-31
26
164
25
-30
-51
-46
-56
-32
25
168
25
-33
-53
-46
-55
-34
27
167
23
-30
-57
-43
-53
-30
25
169
25
-32
-54
-48
-53
-32
25
166
25
-30
-54
-49
-53
-32
25
170
23
-30
-55
-49
-53
-29
27
170
25
-28
-53
-50
-55
-30
26
170
25
-32
-55
-48
-55
-32
24
168
23
-32
-55
-44
-56
-31
26
168
25
-30
-56
-48
-60
-32
26
165
25
-31
-52
-49
-55
-33
24
168
27
-32
-53
-48
-52
-32
26
166
24
-33
-53
-46
-53
-31
26
170
27
-32
-55
-50
-54
-30
25
165
21
-29
-54
-49
-52
-31
26
166
26
-32
-56
-45
-54
-31
27
169
25
-32
-53
-50
-55
-31
23
166
24
-31
-53
-50
-50
-29
25
167
26
-30
-56
-47
-53
-32
27
168
26
-34
-52
-51
-56
-33
27
171
24
-31
-53
-48
-53
-32
23
170
23
-35
-55
-48
-55
-31
24
168
21
-30
-53
-48
-56
-34
25
169
24
-30
-58
-46
-55
-30
28
168
24
-30
-53
-44
-55
-30
24
168
24
-32
-53
-49
-55
-34
24
168
24
-31
-55
-44
-54
-32
26
169
23
-30
-54
-48
-51
-30
23
168
26
-33
-54
-46
-56
-33
25
168
25
-31
-53
-48
-55
-32
24
167
26
-32
-54
-46
-51
-32
27
168
26
-29
-54
-45
-55
-31
23
173
26
-30
-54
-46
-54
-33
26
164
24
-32
-54
-49
-54
-32
26
168
24
-31
-50
-46
-54
-34
26
170
27
-29
-54
-46
-57
-33
25
167
25
-31
-58
-46
-51
-32
26
168
27
-34
-53
-44
-54
-34
28
167
28
-33
-57
-46
-53
-32
24
167
23
-30
-54
-49
-55
-35
25
170
23
-32
-53
-48
-53
-32
23
167
25
-32
-54
-47
-52
-32
27
171
25
-33
-51
-49
-56
-33
23
167
23
-34
-55
-46
-55
-33
26
172
25
-31
-53
-46
-53
-33
26
170
26
-32
-55
-48
-57
-27
25
168
26
-30
-51
-46
-53
-31
25
169
28
-33
-53
-49
-53
-31
26
169
26
-33
-54
-48
-55
-29
27
172
23
-30
-53
-49
-53
-32
22
169
23
-31
-56
-50
-55
-29
25
167
23
-30
-54
-48
-52
-31
22
170
25
-28
-54
-48
-54
-29
24
169
28
-31
-53
-47
-54
-33
26
167
26
-31
-55
-46
-53
-31
26
170
26
-33
-57
-52
-52
-30
26
172
21
-32
-53
-48
-54
-34
24
